0	4.7671321747275135	4.7671321747275135	4.7671321747275135	0	0	0	0	0	0	0	0	0	0	0	0	0	0	0
0.1	4.7671321747275135	4.7671321747275135	4.7671321747275135	0	0	0	0	0	0	0	0	0	0	0	0	0	0	0
0.2	4.7671321747275135	4.7671321747275135	4.7671321747275135	0	0	0	0	0	0	0	0	0	0	0	0	0	0	0
0.3	4.767132174727514	4.767132174727514	4.767132174727514	0	0	0	0	0	0	0	0	0	0	0	0	0	0	0
0.4	4.7671321747275135	4.7671321747275135	4.7671321747275135	0	0	0	0	0	0	0	0	0	0	0	0	0	0	0
0.5	4.7671321747275135	4.7671321747275135	4.7671321747275135	0	0	0	0	0	0	0	0	0	0	0	0	0	0	0
0.6	4.7671321747275135	4.7671321747275135	4.7671321747275135	0	0	0	0	0	0	0	0	0	0	0	0	0	0	0
0.7	4.7671321747275135	4.7671321747275135	4.7671321747275135	0	0	0	0	0	0	0	0	0	0	0	0	0	0	0
0.8	4.7671321747275135	4.7671321747275135	4.7671321747275135	0	0	0	0	0	0	0	0	0	0	0	0	0	0	0
0.9	4.767132174727514	4.767132174727514	4.767132174727514	0	0	0	0	0	0	0	0	0	0	0	0	0	0	0
1	4.7671321747275135	4.7671321747275135	4.7671321747275135	0	0	0	0	0	0	0	0	0	0	0	0	0	0	0
1.1	4.7671321747275135	4.7671321747275135	4.7671321747275135	0	0	0	0	0	0	0	0	0	0	0	0	0	0	0
1.2	4.7671321747275135	4.7671321747275135	4.7671321747275135	0	0	0	0	0	0	0	0	0	0	0	0	0	0	0
1.3	4.767132174727514	4.767132174727514	4.767132174727514	0	0	0	0	0	0	0	0	0	0	0	0	0	0	0
1.4	4.7671321747275135	4.7671321747275135	4.7671321747275135	0	0	0	0	0	0	0	0	0	0	0	0	0	0	0
1.5	4.7671321747275135	4.7671321747275135	4.7671321747275135	0	0	0	0	0	0	0	0	0	0	0	0	0	0	0
1.6	4.7671321747275135	4.7671321747275135	4.7671321747275135	0	0	0	0	0	0	0	0	0	0	0	0	0	0	0
1.7	4.7671321747275135	4.7671321747275135	4.7671321747275135	29.560017627941605	16.89180147044688	7.887323485192075	357.33037130083807	119.43972819954352	22.124748395254652	0	0	0	-1.2251086313481232	-0.7013485215508672	-0.318615255167137	-22.597124217432803	-7.064209024276746	-1.289637204619543
1.8	4.7671321747275135	4.7671321747275135	4.7671321747275135	39.95435784455979	33.68087148106732	15.460566690855801	1007.8019333075924	552.5480849263605	104.19644218745893	0	0	0	-2.6953342995910643	-2.2800051603420446	-0.9938383693706851	-120.90659197358137	-61.04737966878626	-11.266720283844613
1.9	4.7671321747275135	4.7671321747275135	4.7671321747275135	43.60942303060394	42.394206889026904	18.773431726028964	1661.492137298227	1116.6141755364426	206.88783973438726	0	0	0	-3.5778207437334917	-3.6000018306335275	-1.5118491703120691	-283.8393108386257	-177.1578679287941	-32.29598602923148
2	4.7671321747275135	4.7671321747275135	4.7671321747275135	44.89459763418615	46.538349980705064	20.120115714873677	2235.465111461738	1678.5192565271013	305.18646026291475	0	0	0	-4.0166580196302215	-4.427570766630964	-1.8108848918808516	-483.9498441621973	-340.9091029961658	-61.30044375822881
2.1	4.767132174727513	4.767132174727513	4.767132174727513	45.346531733702506	48.513687318758095	20.6717710965994	2715.93593572043	2183.344758513485	390.9389246985436	0	0	0	-4.216164112853777	-4.891765506997377	-1.963431291809194	-699.3954126290247	-532.527264322197	-94.6121441893554
2.2	4.7671321747275135	4.7671321747275135	4.7671321747275135	45.50542291264206	49.49812288407802	20.907301916207473	3110.515892963591	2616.3020747762457	462.9391392105366	0	0	0	-4.302202892853892	-5.143141782561823	-2.0369167092862903	-915.7470216213281	-735.810470132671	-129.42562807148053
2.3	4.7671321747275135	4.7671321747275135	4.7671321747275135	45.56131568628828	50.024027564884214	21.01522143222387	3431.9672949451337	2979.3090742611485	522.367626763998	0	0	0	-4.338051978788833	-5.281555183064902	-2.0718117275987704	-1124.1315062787542	-939.3662305296248	-163.86686378847443
2.4	4.7671321747275135	4.7671321747275135	4.7671321747275135	45.58096081512204	50.328319014046535	21.069551238675565	3692.9437911338478	3280.140473492455	571.0277003283837	0	0	0	-4.352619269444547	-5.362465418376298	-2.088833143518126	-1319.406009998361	-1135.7749046454153	-196.76907491371108
2.5	4.7671321747275135	4.7671321747275135	4.7671321747275135	45.587862176657794	50.5185916407915	21.09996140141153	3904.507143089385	3527.8746733895982	610.7143419872021	0	0	0	-4.358428490163453	-5.414276586635909	-2.097784141752537	-1498.8641053634865	-1320.5029755326755	-227.45366134723773
2.6	4.7671321747275135	4.7671321747275135	4.7671321747275135	45.59029049652784	50.645707155323024	21.118773978259973	4075.904195244272	3731.1504653273823	643.0176104117307	0	0	0	-4.360714419565095	-5.450960587616522	-2.103097296367413	-1661.3900609435393	-1491.0303139054051	-255.57075141172513
2.7	4.7671321747275135	4.7671321747275135	4.7671321747275135	45.59114551780347	50.73506972018643	21.131382057863455	4214.722659375303	3897.586287703571	669.2828359507137	0	0	0	-4.361604177026336	-5.479271663846394	-2.106719848979913	-1806.904187524003	-1646.220241851509	-280.9901751512871
2.8	4.7671321747275135	4.7671321747275135	4.7671321747275135	45.591446635199205	50.80027658368875	21.14033253772119	4327.141867669229	4033.6720864613094	690.6255228869367	0	0	0	-4.361947343677264	-5.502496722376688	-2.1094981831906594	-1935.9861374053826	-1785.8687529910226	-303.72610358547183
2.9	4.7671321747275135	4.7671321747275135	4.7671321747275135	45.591552567612354	50.84914067870017	21.14693906765116	4418.17704398411	4144.839778636302	707.9616328627462	0	0	0	-4.362078559657217	-5.522279671727236	-2.1118012525418397	-2049.6175296492165	-1910.3863301849929	-323.88507331691255
3	4.7671321747275135	4.7671321747275135	4.7671321747275135	45.59158974587102	50.88645950374737	21.151943740767265	4491.891713688452	4235.591122534999	722.0394259640719	0	0	0	-4.3621282981728555	-5.539486355473334	-2.113793528943983	-2149.0036802408167	-2020.5714392008174	-341.6296346915176
3.1	4.767132174727513	4.767132174727513	4.767132174727513	45.59160283812728	50.915356523777305	21.155802359949853	4551.57935812447	4309.639456103836	733.4691374120538	0	0	0	-4.362147086535249	-5.554609510115319	-2.115552211169334	-2235.450557069815	-2117.448749262744	-357.15283753631763
3.2	4.7671321747275135	4.7671321747275135	4.7671321747275135	45.59160754673348	50.93796968645771	21.15881530321516	4599.916141380888	4370.045709630172	742.7490971216423	0	0	0	-4.362154260944417	-5.567960152038189	-2.117117163147026	-2310.284520744066	-2202.1580185233092	-370.66108027840085
3.3	4.767132174727514	4.767132174727514	4.767132174727514	45.591609223730494	50.95580218280725	21.161188863201883	4639.057529408124	4419.30654880992	750.2824188662088	0	0	0	-4.362156963634341	-5.579761100132187	-2.118512656224984	-2374.795769631092	-2275.8768678509773	-382.3621840248131
3.4	4.7671321747275135	4.7671321747275135	4.7671321747275135	45.59160980427913	50.96993861784413	21.163069825189012	4670.745523929975	4459.461665189309	756.3960992192365	0	0	0	-4.362157957896614	-5.590178425547788	-2.1197551082265136	-2430.200667414616	-2339.7627746940484	-392.45678126678695
3.5	4.7671321747275135	4.7671321747275135	4.7671321747275135	45.591610024242826	50.98120629814324	21.164569295865558	4696.412414681553	4492.203493440546	761.3598383887229	0	0	0	-4.3621583477469645	-5.599355507971846	-2.1208583320562173	-2477.6337151777534	-2394.9278814977597	-401.13518926889526
3.6	4.7671321747275135	4.7671321747275135	4.7671321747275135	45.59161010165918	50.99021535296383	21.165768766344332	4717.19097675284	4518.883914568859	765.3876643862766	0	0	0	-4.36215849109591	-5.607423868603835	-2.121835409470435	-2518.1184814670637	-2442.404132359102	-408.57184100903004
3.7	4.7671321747275135	4.7671321747275135	4.7671321747275135	45.591610130149085	50.99743767525105	21.16673096826294	4734.018451026596	4540.6299063886045	768.6571198671536	0	0	0	-4.362158546039313	-5.614488488853534	-2.1226965856391287	-2552.5844206785246	-2483.146510662297	-414.9267766142258
3.8	4.7671321747275135	4.7671321747275135	4.7671321747275135	45.59161014158019	51.00324565778589	21.16750545340554	4747.643971342272	4558.3497558461495	771.3105181540224	0	0	0	-4.362158567957269	-5.620665773151414	-2.1234542570375075	-2581.8557348540085	-2518.017996082646	-420.34339295794837
3.9	4.7671321747275135	4.7671321747275135	4.7671321747275135	45.591610145560324	51.00791868597977	21.16812916939186	4758.677247122303	4572.788320472395	773.4639909304485	0	0	0	-4.3621585760735755	-5.6260394562623555	-2.124117011284942	-2606.6611627680045	-2547.7936941985486	-424.94952041032775
4	4.7671321747275135	4.7671321747275135	4.7671321747275135	45.59161014744622	51.01168962543267	21.168633082577127	4767.610316318025	4584.55095295723	775.2114844646657	0	0	0	-4.362158579646285	-5.630711839182249	-2.1246963459547583	-2627.640001488787	-2573.1629628327687	-428.8581239738159
4.1	4.7671321747275135	4.7671321747275135	4.7671321747275135	45.59161014812726	51.01473223965465	21.169040109303523	4774.846825322391	4594.137774918576	776.6302595068944	0	0	0	-4.362158581044159	-5.634750903507551	-2.1251995061472884	-2645.353760400683	-2594.7390255015557	-432.16905279775193
4.2	4.7671321747275135	4.7671321747275135	4.7671321747275135	45.591610148439116	51.017190383435384	21.169369397221097	4780.700855689042	4601.940890468702	777.7805912058055	0	0	0	-4.362158581620754	-5.638242378990066	-2.125636504149771	-2660.2771375057314	-2613.047071510482	-434.96728463347586
4.3	4.7671321747275135	4.7671321747275135	4.7671321747275135	45.59161014863948	51.01918060494497	21.16963633248962	4785.448521707899	4608.306622848703	778.7155569107791	0	0	0	-4.36215858197797	-5.641247113091393	-2.1260141297611517	-2672.844383964014	-2628.5712106350616	-437.33083803605706
4.4	4.7671321747275135	4.7671321747275135	4.7671321747275135	45.59161014865293	51.02078687839129	21.169852053581856	4789.286458286478	4613.484178910703	779.4730940771806	0	0	0	-4.362158582050349	-5.643824119666149	-2.126339306647718	-2683.3965149011296	-2641.6977444944237	-439.32145992890673
4.5	4.7671321747275135	4.7671321747275135	4.7671321747275135	45.59161014875417	51.02209153653522	21.1700275524057	4792.396933576776	4617.70495388035	780.0883891103315	0	0	0	-4.36215858217083	-5.646039677572869	-2.1266200110901057	-2692.2558091096626	-2652.7927899789247	-440.9975867058381
4.6	4.7671321747275135	4.7671321747275135	4.7671321747275135	45.59161014874996	51.02314584625925	21.17016952778601	4794.917685480082	4621.145573404311	780.5881286598617	0	0	0	-4.362158582205894	-5.647926427614892	-2.126859838767802	-2699.684551698197	-2662.158573634058	-442.40708554420513
4.7	4.7671321747275135	4.7671321747275135	4.7671321747275135	45.591610148739555	51.02399826279582	21.170284495195986	4796.953713218586	4623.941521288279	780.9927002987781	0	0	0	-4.362158582210419	-5.6495358109315745	-2.127065156029582	-2705.8958081446367	-2670.042851218807	-443.58901159329093
4.8	4.7671321747275135	4.7671321747275135	4.7671321747275135	45.591610148789975	51.024693146660866	21.170378385547515	4798.605914907478	4626.223193826492	781.3217067042981	0	0	0	-4.362158582251059	-5.6509131138874205	-2.127241503819749	-2711.0962498617364	-2676.686458343883	-444.58128295277766
4.9	4.7671321747275135	4.7671321747275135	4.7671321747275135	45.59161014875297	51.02525270497871	21.1704540402377	4799.944726573103	4628.082832867347	781.5888993292334	0	0	0	-4.362158582274745	-5.652074685880644	-2.1273906186794993	-2715.4428143583414	-2682.2753883325468	-445.4129072889156
5	4.7671321747275135	4.7671321747275135	4.7671321747275135	45.59161014872605	51.02570524887354	21.170515328614997	4801.025265233352	4629.592827741786	781.805048538001	0	0	0	-4.362158582280346	-5.653059431347174	-2.127517442856909	-2719.064055946352	-2686.9627887458105	-446.1077065677615
5.1	4.767132174727513	4.767132174727513	4.767132174727513	45.59161014877941	51.026076977897716	21.17056580750186	4801.901701515079	4630.824394672458	781.9807438312441	0	0	0	-4.362158582286381	-5.6539029839150095	-2.1276264817736603	-2722.0867317331454	-2690.8998292226624	-446.6891798738698
5.2	4.7671321747275135	4.7671321747275135	4.7671321747275135	45.59161014871998	51.026373121364585	21.170605986467237	4802.613179363073	4631.8298409459	782.1236853739783	0	0	0	-4.362158582351272	-5.654606573867936	-2.1277176290702045	-2724.609109238969	-2694.205796801574	-447.1756796626834
5.3	4.7671321747275135	4.7671321747275135	4.7671321747275135	45.591610148642054	51.02661080011319	21.170638259710056	4803.18733138772	4632.646125995398	782.2393086427071	0	0	0	-4.362158582407194	-5.655196323940406	-2.1277942250359527	-2726.704840198078	-2696.970605705508	-447.5810005384187
5.4	4.7671321747275135	4.7671321747275135	4.7671321747275135	45.59161014870112	51.02681055844972	21.17066553946177	4803.651608089341	4633.309866312297	782.3330073341933	0	0	0	-4.362158582366635	-5.655704704931341	-2.1278604757547868	-2728.446859847644	-2699.283126753299	-447.9187929677134
5.5	4.7671321747275135	4.7671321747275135	4.7671321747275135	45.59161014867957	51.02696908643189	21.170687147692366	4804.029407039561	4633.852917704802	782.4094174270166	0	0	0	-4.3621585824595375	-5.65613129535833	-2.1279162741298765	-2729.89944452977	-2701.2228353302967	-448.20115472427375
5.6	4.7671321747275135	4.7671321747275135	4.7671321747275135	45.5916101485052	51.02708809735384	21.17070324786146	4804.334887855158	4634.294766153865	782.4713551906682	0	0	0	-4.362158582698788	-5.656478180753878	-2.1279617868994913	-2731.105153811735	-2702.8432407249074	-448.43615467463553
5.7	4.7671321747275135	4.7671321747275135	4.7671321747275135	45.59161014845452	51.02718973217245	21.170717115304925	4804.581270689847	4634.653130425451	782.5214207791354	0	0	0	-4.362158582759791	-5.656773682651124	-2.1280005971438603	-2732.103674696444	-2704.1936855563035	-448.6312877140814
5.8	4.7671321747275135	4.7671321747275135	4.7671321747275135	45.59161014861867	51.027284749419564	21.17073028970592	4804.781400647957	4634.945491302291	782.5621568847611	0	0	0	-4.362158582592568	-5.6570370932777605	-2.12803523693292	-2732.9337952392248	-2705.3226435652455	-448.7938916416892
5.9	4.7671321747275135	4.7671321747275135	4.7671321747275135	45.59161014840121	51.02734062010975	21.170737740006146	4804.943843165145	4635.184567481679	782.5953238348415	0	0	0	-4.362158583074586	-5.657246959833873	-2.128063281405549	-2733.623275116047	-2706.2661213785873	-448.92928960976354
6	4.7671321747275135	4.7671321747275135	4.7671321747275135	45.59161014815567	51.02738159083258	21.17074313596931	4805.074904204563	4635.378681675366	782.6221524216008	0	0	0	-4.362158583544281	-5.657417594391706	-2.1280861586543227	-2734.193342973548	-2707.051196516664	-449.0415369613131
6.1	4.7671321747275135	4.7671321747275135	4.7671321747275135	45.59161014837204	51.02744018821993	21.17075141205428	4805.1809196012055	4635.536000953778	782.6438672134275	0	0	0	-4.3621585831353205	-5.657569649631659	-2.128106028323196	-2734.6652291089267	-2707.704784822377	-449.1346813152583
6.2	4.767132174727514	4.767132174727514	4.767132174727514	45.59161014823806	51.027468612725215	21.170755175707033	4805.267193194946	4635.665124988481	782.6616030704188	0	0	0	-4.362158583673338	-5.657707563817917	-2.128124902762902	-2735.0572388102014	-2708.2505553530655	-449.21222093396904
6.3	4.7671321747275135	4.7671321747275135	4.7671321747275135	45.59161014761687	51.02746005352797	21.17075337218858	4805.336937903318	4635.770822008758	782.6760192329865	0	0	0	-4.36215858526647	-5.657822211082403	-2.128141530382588	-2735.3812830329543	-2708.704436169132	-449.2764714028643
6.4	4.7671321747275135	4.7671321747275135	4.7671321747275135	45.591610147447035	51.02747377047428	21.17075510483684	4805.393184925038	4635.8560828239315	782.6876434467564	0	0	0	-4.362158585673259	-5.657909204399808	-2.128153466082597	-2735.6485734309804	-2709.0813258482644	-449.3296241605027
6.5	4.7671321747275135	4.7671321747275135	4.7671321747275135	45.591610148215985	51.027541023421364	21.17076516034179	4805.4388623051545	4635.924396415934	782.6970230770677	0	0	0	-4.362158583794163	-5.65797180815947	-2.128160265086603	-2735.869993326558	-2709.395532363754	-449.37378962462185
6.6	4.7671321747275135	4.7671321747275135	4.7671321747275135	45.59161014843891	51.02757063320788	21.170769465643065	4805.475893615948	4635.980651472504	782.7046801464755	0	0	0	-4.362158583379832	-5.658037182304701	-2.128168751154671	-2736.053131899074	-2709.656611051918	-449.41038208479597
6.7	4.767132174727514	4.767132174727514	4.767132174727514	45.59161014856607	51.027591448617336	21.170772475442174	4805.505839141301	4636.026467728364	782.7108908137188	0	0	0	-4.362158583077844	-5.658085798293119	-2.1281750258374954	-2736.2042808343353	-2709.8734897841305	-449.44066554593905
6.8	4.7671321747275135	4.7671321747275135	4.7671321747275135	45.591610148723326	51.02761175957217	21.170775450293508	4805.530130398437	4636.063751588446	782.715934991978	0	0	0	-4.362158582655076	-5.65812282843328	-2.1281796328126004	-2736.3292569437654	-2710.0539087415727	-449.4657710803477
6.9	4.7671321747275135	4.7671321747275135	4.7671321747275135	45.5916101487448	51.027621594020246	21.17077683764286	4805.549772469705	4636.094217686396	782.7200327153467	0	0	0	-4.362158582623321	-5.658158261590351	-2.1281843937795077	-2736.4323168214823	-2710.2034525970976	-449.4865168961952
7	4.7671321747275135	4.7671321747275135	4.7671321747275135	45.591610148804016	51.027632240663515	21.170778380508654	4805.565686925449	4636.118972535993	782.7233563782911	0	0	0	-4.362158582437234	-5.658183370352752	-2.128187603414618	-2736.51739666886	-2710.3277086690973	-449.50369185948
7.1	4.7671321747275135	4.7671321747275135	4.7671321747275135	45.59161014882106	51.02763892222403	21.170779329309898	4805.578578692642	4636.1391774417	782.726057677144	0	0	0	-4.36215858239203	-5.65820668119985	-2.1281907181553295	-2736.5875982467574	-2710.4307614132376	-449.51789359297584
7.2	4.7671321747275135	4.7671321747275135	4.7671321747275135	45.59161014883146	51.027644131940214	21.170780067991068	4805.589004104609	4636.155610449943	782.7282475277934	0	0	0	-4.362158582358905	-5.658225700878752	-2.128193263131012	-2736.6454317294847	-2710.516155054589	-449.5296225404277
7.3	4.7671321747275135	4.7671321747275135	4.7671321747275135	45.59161014884361	51.027648603135034	21.170780706077604	4805.597460932882	4636.169004161449	782.7300274711253	0	0	0	-4.36215858231818	-5.658241074603899	-2.128195308125695	-2736.693168891494	-2710.5870408538985	-449.5393275669411
7.4	4.7671321747275135	4.7671321747275135	4.7671321747275135	45.59161014884529	51.0276517062695	21.170781142750382	4805.604298953851	4636.179904548297	782.7314707932877	0	0	0	-4.362158582315306	-5.6582546001012775	-2.1281971447475336	-2736.7324659696815	-2710.6457097537664	-449.5473350983867
7.5	4.7671321747275135	4.7671321747275135	4.7671321747275135	45.59161014885018	51.02765445405048	21.17078153359778	4805.609837597921	4636.188774786932	782.7326421687319	0	0	0	-4.362158582295364	-5.658265257703305	-2.128198576072361	-2736.7648471608186	-2710.694336203847	-449.55395015915997
7.6	4.7671321747275135	4.7671321747275135	4.7671321747275135	45.59161014885018	51.02765445405048	21.17078153359778	4805.609837597921	4636.188774786932	782.7326421687319	0	0	0	-4.362158582295364	-5.658265257703305	-2.128198576072361	-2736.7648471608186	-2710.694336203847	-449.55395015915997
7.7	4.7671321747275135	4.7671321747275135	4.7671321747275135	16.031530653771313	51.022271276611214	21.1687483256544	4448.333185630666	4636.168854594049	782.7294216158774	0	0	0	-3.137059458514742	-5.664311402041249	-2.130403550782748	-2714.204749733749	-2710.7646483390777	-449.5638727652905
7.8	4.7671321747275135	4.7671321747275135	4.7671321747275135	5.637215274395769	50.998525824652205	21.15978671846909	3797.8937976588113	4635.902944770853	782.6884389913415	0	0	0	-1.6668264269005015	-5.690730344115738	-2.140032535281248	-2615.932703531629	-2711.088755026319	-449.61147910464837
7.9	4.7671321747275135	4.7671321747275135	4.7671321747275135	1.982260092816244	50.95570518261747	21.14364250432348	3144.205333878949	4635.1043221366845	782.5657134768452	0	0	0	-0.7843379994676861	-5.73949578825983	-2.1577906803948723	-2453.026749499786	-2711.96030555099	-449.74006513921904
8	4.7671321747275135	4.7671321747275135	4.7671321747275135	0.6970196659128965	50.895017900347625	21.12078971732379	2570.2274768967886	4633.556898794709	782.3282227276438	0	0	0	-0.34550216117282573	-5.811807124254721	-2.18411164109438	-2252.934423171391	-2713.6107419593204	-449.98357922252745
8.1	4.7671321747275135	4.7671321747275135	4.7671321747275135	0.24509579980072144	50.81622320849871	21.091154418889396	2089.747555210518	4631.094508079717	781.9507029763092	0	0	0	-0.14600007048945376	-5.910984678947972	-2.2202075756640283	-2037.5006023215224	-2716.2500190171368	-450.372785502939
8.2	4.7671321747275135	4.7671321747275135	4.7671321747275135	0.08618583426833276	50.7176166387405	21.05411017741904	1695.1591487189348	4627.564878876984	781.4100932153657	0	0	0	-0.05995761510517875	-6.042270781950205	-2.267989520549948	-1821.1574616976534	-2720.1091729349087	-450.9416112050523
8.3	4.7671321747275135	4.7671321747275135	4.7671321747275135	0.03030630191557594	50.59635575551898	21.008603444346885	1373.7011973719066	4622.804645525942	780.6816918554764	0	0	0	-0.024113918235279266	-6.212497412979853	-2.329939211878007	-1612.7774338605357	-2725.46641629451	-451.73097924080594
8.4	4.7671321747275135	4.7671321747275135	4.7671321747275135	0.010656579067435733	50.44870213907615	20.953247647966403	1112.7191471717833	4616.624105645021	779.7368302125565	0	0	0	-0.009544876845417905	-6.429824031122796	-2.409004967247184	-1417.5064551521016	-2732.6614960591724	-452.7908441659687
8.5	4.7671321747275135	4.7671321747275135	4.7671321747275135	0.0037471936526107218	50.27018249814798	20.88638690768838	901.1499367037245	4608.798259394414	778.5415279724859	0	0	0	-0.003731014119841505	-6.703426055031932	-2.508476571030475	-1238.0516361055943	-2742.1014889614175	-454.1809019689796
8.6	4.7671321747275135	4.7671321747275135	4.7671321747275135	0.001317649284977355	50.055726184420514	20.806151091457178	729.7482350933318	4599.062049585264	777.0558091197405	0	0	0	-0.0014437224707076655	-7.043002700721306	-2.631790261334942	-1075.5276188660716	-2754.2580620875215	-455.9699670895945
8.7	4.7671321747275135	4.7671321747275135	4.7671321747275135	0.00046333745936420306	49.79983113408819	20.710521943821032	590.9267357663011	4587.109067430276	775.2335646854973	0	0	0	-0.0006965199767544632	-7.457986956303673	-2.7822207275858077	-930.0115192207937	-2769.6539875240783	-458.23367405645786
8.8	4.7671321747275135	4.7671321747275135	4.7671321747275135	0.00016291584597572968	49.49680010577342	20.597426013069626	478.50609660001027	4572.593955004825	773.0229972661548	0	0	0	-0.0005406215978136451	-7.956367246940278	-2.9624281382883844	-800.9268420309287	-2788.8352072896405	-461.04994420657215
8.9	4.7671321747275135	4.7671321747275135	4.7671321747275135	5728717736390697e-20	49.1410797454741	20.464866328621248	387.47033016486375	4555.13930448817	770.3677685810935	0	0	0	-0.0004960266700320838	-8.543089337376115	-3.1738519340872346	-687.2951864492177	-2812.324565103008	-464.49164776392917
9	4.7671321747275135	4.7671321747275135	4.7671321747275135	20143965950406664e-21	48.727720623151725	20.311098961767275	313.75318712281666	4534.348182259954	767.2090178208414	0	0	0	-0.00048143020617417374	-9.218050127172473	-3.415961369094761	-587.9100770277154	-2840.5538203603214	-468.6159973884397
9.1	4.7671321747275135	4.7671321747275135	4.7671321747275135	7082830141151587e-21	48.25295642378529	20.134852722194644	254.0605530658407	4509.823275391887	763.4883941913952	0	0	0	-0.00047642477471166806	-9.973910607054686	-3.6854553412822257	-501.4639252085415	-2873.7733093207225	-473.4506608460847
9.2	4.7671321747275135	4.7671321747275135	4.7671321747275135	2490547130036819e-21	47.714867319010985	19.935577341005533	205.7245512628376	4481.193274381272	759.1521800772432	0	0	0	-0.0004746803250306096	-10.794115335027232	-3.9755644802722285	-426.63083687416344	-2911.9441037723664	-478.97745866883304
9.3	4.767132174727513	4.767132174727513	4.767132174727513	0	47.114054666046556	19.713691103736174	166.58465859256415	4448.145964427782	754.1563987349037	0	0	0	-0.0004740688629454831	-11.65168958228023	-4.275674542513574	-362.1210438219488	-2954.625182358007	-485.11570154137115
9.4	4.7671321747275135	4.7671321747275135	4.7671321747275135	0	46.45421751707863	19.47078546226854	134.8912955342158	4410.465953209899	748.472558713431	0	0	0	-0.0004738540684171945	-12.509465147134046	-4.571512838941317	-306.71516940220096	-3000.87646427951	-491.70847238237076
9.5	4.7671321747275135	4.7671321747275135	4.7671321747275135	0	45.74249404370797	19.209734919014068	109.2276331616086	4368.07319069993	742.093416099116	0	0	0	-0.0004737785325214726	-13.322265765237622	-4.84608284364509	-259.28409401576045	-3049.2048403463714	-498.5160327879292
9.6	4.7671321747275135	4.7671321747275135	4.7671321747275135	0	44.98944782836685	18.93466831907829	88.44659830560423	4321.057237852387	735.0379623458903	0	0	0	-0.00047375198166977136	-14.041188797522567	-5.081373418498747	-218.7988720453121	-3097.579692935957	-505.2202959067441
9.7	4.767132174727514	4.767132174727514	4.767132174727514	0	44.20858552031465	18.650762659565586	71.6193017438269	4269.700780235823	727.3546384858744	0	0	0	-0.0004737426487426843	-14.619541793661138	-5.260641425192078	-184.33343470722167	-3143.53895638943	-511.4432711951357
9.8	4.7671321747275135	4.7671321747275135	4.7671321747275135	0	43.41548133529844	18.36389206413505	57.99339637166095	4214.4857016652495	719.1217939577361	0	0	0	-0.0004737393649648646	-15.019184668759447	-5.370774746758489	-155.0625512384643	-3184.384650429743	-516.778809366674
9.9	4.7671321747275135	4.7671321747275135	4.7671321747275135	0	42.626527896017215	18.08014507690676	46.95984281488835	4156.081339562554	710.4453724782986	0	0	0	-0.0004737382101154447	-15.216012818154901	-5.404247515275044	-130.2571907735308	-3217.44410250508	-520.8336080366191
10	4.7671321747275135	4.7671321747275135	4.7671321747275135	0	41.85764964630019	17.805338228838014	38.02558157750479	4095.3098153446176	701.4531494096285	0	0	0	-0.0004737378045876179	-15.20307953176081	-5.360124351520777	-109.27781920317726	-3240.356312106522	-523.2707553055343
10.1	4.7671321747275135	4.7671321747275135	4.7671321747275135	0	41.123004704833306	17.544541091605165	30.791098384628494	4033.097831416438	692.2870149462391	0	0	0	-0.00047373766184788233	-14.99064099664117	-5.243872855063635	-91.56641232461185	-3251.3227141847874	-523.8465243050096
10.2	4.767132174727514	4.767132174727514	4.767132174727514	0	40.43404839519766	17.301745770140684	24.93293774624414	3970.418323426205	683.0938852407158	0	0	0	-0.00047373761155357195	-14.603482607059831	-5.066175548269403	-76.63878926858034	-3249.285961396208	-522.435083026111
10.3	4.7671321747275135	4.7671321747275135	4.7671321747275135	0	39.799041511782406	17.079708966246482	20.1893663114391	3908.2285958711013	674.0162934487001	0	0	0	-0.00047373759388989257	-14.076340355107869	-4.841077659330525	-64.07690709058076	-3234.0047078127836	-519.0366133425413
10.4	4.7671321747275135	4.7671321747275135	4.7671321747275135	0	39.2229500330806	16.879944125055683	16.348239587730554	3847.417191017749	665.1845189363149	0	0	0	-0.0004737375876690585	-13.448544415776981	-4.58391631892345	-53.52081405927949	-3206.0128457609167	-513.7677805847408
10.5	4.7671321747275135	4.7671321747275135	4.7671321747275135	0	38.70766523162012	16.702830148643784	13.237931302910134	3788.761009540051	656.7104086367206	0	0	0	-0.000473737585483919	-12.759199664902537	-4.309514682107695	-44.6620678614217	-3166.504510251307	-506.8413020480888
10.6	4.7671321747275135	4.7671321747275135	4.7671321747275135	0	38.25252318237883	16.54782577125834	10.719351822398822	3732.898554052492	648.6837750363869	0	0	0	-0.0004737375847146405	-12.043568793192549	-4.030886895654868	-37.23684782934126	-3117.1542125985156	-498.53650570775085
10.7	4.7671321747275135	4.7671321747275135	4.7671321747275135	0	37.85488313142423	16.413699729358488	8.679952613465382	3680.316443794667	641.1708255030384	0	0	0	-0.0004737375844442808	-11.330841692052221	-3.7584877269816745	-31.02038205436521	-3059.9268189491295	-489.1692120958739
10.8	4.7671321747275135	4.7671321747275135	4.7671321747275135	0	37.51075677682337	16.298771841547094	7.028559449027992	3631.3503432818698	634.2147729147205	0	0	0	-0.00047373758434921014	-10.643350154820869	-3.5000166191049744	-25.82148833474945	-2996.8931442255735	-479.06347556095585
10.9	4.7671321747275135	4.7671321747275135	4.7671321747275135	0	37.21534528915591	16.20111462372545	5.691338901805714	3586.1952775295003	627.8377990692363	0	0	0	-0.00047373758431573784	-9.996711720401459	-3.2605621432949548	-21.477963131481545	-2930.079199259533	-468.52914313128275
11	4.7671321747275135	4.7671321747275135	4.7671321747275135	0	36.96349247311798	16.11871876674053	4.60854067104897	3544.9221132948232	622.0438767493703	0	0	0	-0.0004737375843039823	-9.400637778377885	-3.0429796035165144	-17.852550856395965	-2861.3522327281626	-457.8455313345831
11.1	4.7671321747275135	4.7671321747275135	4.7671321747275135	0	36.750020988864016	16.049612018965753	3.73175128755408	3507.4987890289103	616.82220662289	0	0	0	-0.0004737375842998479	-8.8600618549337	-2.8483696123494116	-14.829213346165638	-2792.3495638951645	-447.25195521831677
11.2	4.7671321747275135	4.7671321747275135	4.7671321747275135	0	36.569963280222744	15.991937762224008	3.0217676490784555	3473.811474521393	612.1505567950195	0	0	0	-0.0004737375842983912	-8.376271283802607	-2.676538884254049	-12.310065700077487	-2724.441460657997	-436.94347489850327
11.3	4.7671321747275135	4.7671321747275135	4.7671321747275135	0	36.41871008754306	15.944002322125598	2.446860181201517	3443.6850592902356	607.9984228376321	0	0	0	-0.00047373758429787886	-7.947959666125062	-2.526415219148386	-10.212702804834887	-2658.7213817460256	-427.0707647687585
11.4	4.7671321747275135	4.7671321747275135	4.7671321747275135	0	36.292088755428175	15.904296348781724	1.9813324648228146	3416.901943492532	604.3298597131497	0	0	0	-0.00047373758429769883	-7.572120049788196	-2.396389422008473	-8.467821554695371	-2596.017969071834	-417.743147185567
11.5	4.7671321747275135	4.7671321747275135	4.7671321747275135	0	36.18639168565697	15.871498631422902	1.604374166820977	3393.217968933595	601.105833296222	0	0	0	-0.00047373758429763546	-7.244732174677589	-2.2845712227815724	-7.017217095794201	-2536.919480683203	-409.03329459420246
11.6	4.767132174727514	4.767132174727514	4.767132174727514	0	36.09837275480246	15.844469003343432	1.2991342347141823	3372.37549548118	598.2861080556328	0	0	0	-0.0004737375842976133	-6.9612753397826355	-2.1889738873465037	-5.812073162336018	-2481.8049497126585	-400.9827300517234
11.7	4.7671321747275135	4.7671321747275135	4.7671321747275135	0	36.02522270720812	15.822234523522306	1.0519682767336922	3354.11374695425	595.8307020220615	0	0	0	-0.00047373758429760537	-6.717091073201084	-2.1076391672794665	-4.811498207648214	-2430.8780289774913	-393.60751844835005
11.8	4.7671321747275135	4.7671321747275135	4.7671321747275135	0	35.964532633320054	15.80397228784448	0.8518282472726426	3338.1766516955367	593.7009545070339	0	0	0	-0.0004737375842976027	-6.507625451799903	-2.038715735075551	-3.9812769875984926	-2384.200417123234	-386.903698310862
11.9	4.767132174727513	4.767132174727513	4.767132174727513	0	35.914251785152686	15.788991092105132	0.6897669914684303	3324.318486682417	591.8602618564905	0	0	0	-0.00047373758429760174	-6.328579723207887	-1.9805031963941213	-3.292806481146967	-2341.7229266651393	-380.8521888793932
12	4.7671321747275135	4.7671321747275135	4.7671321747275135	0	35.872643946229296	15.776713373593505	0.5585352741068241	3312.3076393404494	590.2745352771623	0	0	0	-0.00047373758429760147	-6.175994336710756	-1.9314718995391587	-2.7221879654844963	-2303.3130329277324	-375.4230284221679
12.1	4.7671321747275135	4.7671321747275135	4.7671321747275135	0	35.8382481246949	15.766659328359427	0.45226673313141247	3301.9290741776617	588.9124760017065	0	0	0	-0.0004737375842976013	-6.046293075472759	-1.8902691440320418	-2.249492543130226	-2268.777961891389	-370.5788571155825
12.2	4.7671321747275135	4.7671321747275135	4.7671321747275135	0	35.80984047010868	15.758432100227488	0.3662199207365317	3292.985772420526	587.7457041603238	0	0	0	-0.0004737375842976012	-5.936288947479294	-1.8557131203780903	-1.8581353952566289	-2237.8845271787204	-366.27783195264647
12.3	4.767132174727514	4.767132174727514	4.767132174727514	0	35.78639631856978	15.75170342895697	0.296549215028599	3285.2988402108836	586.7486974016493	0	0	0	-0.0004737375842976012	-5.843168151503823	-1.8267791702309923	-1.5342855147750176	-2210.375706615743	-362.4759697605398
12.4	4.7671321747275135	4.7671321747275135	4.7671321747275135	0	35.767058306998884	15.746201847209354	0.24012798524763493	3278.7068461766257	585.8986328470216	0	0	0	-0.0004737375842976012	-5.764463927829567	-1.8025839343615702	-1.2663892190568191	-2185.9825417479374	-359.1287668377276
12.5	4.767132174727514	4.767132174727514	4.767132174727514	0	35.75111716572406	15.741705426244714	0.19443985596524707	3273.0660000053613	585.1753660500943	0	0	0	-0.0004737375842976012	-5.698044676785496	-1.7823765226270678	-1.0448878910830612	-2164.4336329825037	-356.1925216761722
12.6	4.7671321747275135	4.7671321747275135	4.7671321747275135	0	35.737983961063584	15.738031988756655	0.15744961225716725	3268.2489141732044	584.5612006412869	0	0	0	-0.0004737375842976012	-5.6420670759624505	-1.765518019098079	-0.8618480658398812	-2145.4632627222986	-353.62535192875976
12.7	4.7671321747275135	4.7671321747275135	4.7671321747275135	0	35.727166612068984	15.735030894278463	0.12749406269710273	3264.142536512843	584.0405541227274	0	0	0	-0.0004737375842976012	-5.594937588573092	-1.7514637625606593	-0.7106269466152879	-2128.81538727827	-351.3876002776766
12.8	4.7671321747275135	4.7671321747275135	4.7671321747275135	0	35.71826031312247	15.732579575209424	0.10323601144205595	3260.6479672017363	583.5999060671211	0	0	0	-0.0004737375842976012	-5.555299349410574	-1.7397566721469309	-0.58574423432365	-2114.2479033686623	-349.44238524891654
12.9	4.7671321747275135	4.7671321747275135	4.7671321747275135	0	35.71093101385432	15.730577952740408	0.08359644110139168	3257.679033456689	583.2275663072795	0	0	0	-0.0004737375842976012	-5.521995089961825	-1.7300124685843872	-0.48266925804005584	-2101.5353633303653	-347.7558516912286
13	4.7671321747275135	4.7671321747275135	4.7671321747275135	0	35.70490000691004	15.728943313463441	0.06769191929904873	3255.160161443934	582.9133544392123	0	0	0	-0.0004737375842976012	-5.494032087957061	-1.7219055450847187	-0.39760882292423716	-2090.468614867507	-346.29697567922955
13.1	4.7671321747275135	4.7671321747275135	4.7671321747275135	0	35.699938665450965	15.727608491908562	0.05481227149066756	3253.026063417923	582.6485414817238	0	0	0	-0.0004737375842976012	-5.470571860277009	-1.7151644676518076	-0.3274393996122459	-2080.8565748730225	-345.03776321811944
13.2	4.7671321747275135	4.7671321747275135	4.7671321747275135	0	35.69585895609667	15.726518780446675	0.044384793568997605	3251.2204885779583	582.4256599047727	0	0	0	-0.00047373758429760114	-5.450905241736671	-1.7095625761430444	-0.26958434370419915	-2072.5262362744115	-343.9531517516293
13.3	4.7671321747275135	4.7671321747275135	4.7671321747275135	0	35.69250423724508	15.725628998878594	0.0359404660486587	3249.6945520330587	582.2382619545856	0	0	0	-0.0004737375842976012	-5.434426997297834	-1.7049085692272083	-0.22188912439784814	-2065.3206617569685	-343.0206302249193
13.4	4.7671321747275135	4.7671321747275135	4.7671321747275135	0	35.68974619274757	15.724902481152727	0.029102107767993	3248.406397172805	582.0808651095712	0	0	0	-0.0004737375842976012	-5.420628413331281	-1.7010435553806367	-0.18258170477684532	-2059.0994708227936	-342.22026755020073
13.5	4.7671321747275135	4.7671321747275135	4.7671321747275135	0	35.68747953082632	15.724309406877259	0.02356571429279977	3247.3202636617743	581.9488162586639	0	0	0	-0.0004737375842976012	-5.4090816308477025	-1.6978354228680408	-0.1502030989061932	-2053.737861689824	-341.53451227652494
13.6	4.7671321747275135	4.7671321747275135	4.7671321747275135	0	35.68561663122618	15.72382515852822	0.01908229329555877	3246.405287267139	581.8381235229159	0	0	0	-0.0004737375842976012	-5.399422771827393	-1.6951729499552837	-0.12353481118226194	-2049.1243022614403	-340.94781133944156
13.7	4.7671321747275135	4.7671321747275135	4.7671321747275135	0	35.68408577098348	15.723429757955847	0.015451514210580242	3245.6352156057533	581.7454134488672	0	0	0	-0.0004737375842976012	-5.391346968935456	-1.6929639582435094	-0.10157560167868594	-2045.1604417315737	-340.44657117530517
13.8	4.7671321747275135	4.7671321747275135	4.7671321747275135	0	35.68282819882846	15.723106974178865	0.012512008757461812	3244.98776832889	581.667840745261	0	0	0	-0.0004737375842976012	-5.384598842637865	-1.6911320350934758	-0.08350259283017573	-2041.7599714236005	-340.0189624657703
13.9	4.7671321747275135	4.7671321747275135	4.7671321747275135	0	35.681795054584846	15.722843408381205	0.01013158324247048	3244.4438161419457	581.602976298751	0	0	0	-0.0004737375842976012	-5.378961733657192	-1.689612953874323	-0.06862921096421734	-2038.8465714535694	-339.65460324896634
14	4.7671321747275135	4.7671321747275135	4.7671321747275135	0	35.68094636422939	15.722628185679467	0.008203846861895436	3243.9871726458246	581.5487771869452	0	0	0	-0.0004737375842976012	-5.374254550260813	-1.688353564460382	-0.056391816644124584	-2036.3536372055885	-339.3445050449607
14.1	4.7671321747275135	4.7671321747275135	4.7671321747275135	0	35.680249425396156	15.722452476986998	0.006643143307730368	3243.60417311472	581.5035288583894	0	0	0	-0.0004737375842976012	-5.3703260522942955	-1.6873099022084037	-0.0463279083152645	-2034.2232847431326	-339.08091550105956
14.2	4.7671321747275135	4.7671321747275135	4.7671321747275135	0	35.67967704768977	15.722308991542201	0.00537927544572731	3243.283131860924	581.4657728674172	0	0	0	-0.0004737375842976012	-5.367048145684174	-1.6864450486049003	-0.03805185028992315	-2032.4047252963949	-338.85707873746276
14.3	4.7671321747275135	4.7671321747275135	4.7671321747275135	0	35.67920700320077	15.722191813275279	0.004355759210745469	3243.014205550347	581.434287776553	0	0	0	-0.0004737375842976012	-5.364314000833532	-1.685728496813539	-0.031247452594406366	-2030.8539971490961	-338.6671895158678
14.4	4.767132174727513	4.767132174727513	4.767132174727513	0	35.678821120051914	15.722096139746867	0.0035271227481073145	3242.7891181473906	581.4080523296171	0	0	0	-0.00047373758429760114	-5.3620345847360715	-1.685135046229339	-0.02565554684268362	-2029.5331754948018	-338.5062747093393
14.5	4.7671321747275135	4.7671321747275135	4.7671321747275135	0	35.67850428617672	15.722018002502466	0.0028560751512169595	3242.6008125050384	581.3862000557456	0	0	0	-0.0004737375842976012	-5.360134565420382	-1.6846435424865847	-0.02106009239480458	-2028.409173961915	-338.3700227996698
14.6	4.7671321747275135	4.7671321747275135	4.7671321747275135	0	35.67824416866484	15.72195418532887	0.0023126503551285176	3242.443371773395	581.368008484709	0	0	0	-0.0004737375842976012	-5.358551291819204	-1.6842365432122894	-0.01728434146253424	-2027.4535625722187	-338.2547541748156
14.7	4.7671321747275135	4.7671321747275135	4.7671321747275135	0	35.67803068047591	15.721902074850616	0.001872700209373759	3242.311833766031	581.3528748914177	0	0	0	-0.00047373758429760114	-5.357232592156702	-1.6838996415405274	-0.014183422344619072	-2026.6419424783774	-338.1573313270384
14.8	4.7671321747275135	4.7671321747275135	4.7671321747275135	0	35.67785542800344	15.721859509271836	0.0015164015140798825	3242.201975299636	581.3402887592603	0	0	0	-0.0004737375842976012	-5.35613434141313	-1.6836207418371874	-0.011636552887638886	-2025.9531155500565	-338.0750441965171
14.9	4.7671321747275135	4.7671321747275135	4.7671321747275135	0	35.677711586450314	15.72182474236728	0.0012278809894332688	3242.110276590025	581.3298268650855	0	0	0	-0.0004737375842976012	-5.355220005267456	-1.6833899104391772	-0.009545328425035193	-2025.3690089324546	-338.0055971633875
15	4.7671321747275135	4.7671321747275135	4.7671321747275135	0	35.677593557433624	15.721796350239403	0.0009943010702197414	3242.03378542615	581.3211359711796	0	0	0	-0.0004737375842976012	-5.3544590663426375	-1.6831989074686504	-0.007828939038456674	-2024.8741478362901	-337.94703627829574
