0	4.7671321747275135	4.7671321747275135	4.7671321747275135	0	0	0	0	0	0	0	0	0	0	0	0	0	0	0
0.1	4.7671321747275135	4.7671321747275135	4.7671321747275135	0	0	0	0	0	0	0	0	0	0	0	0	0	0	0
0.2	4.7671321747275135	4.7671321747275135	4.7671321747275135	0	0	0	0	0	0	0	0	0	0	0	0	0	0	0
0.3	4.767132174727514	4.767132174727514	4.767132174727514	0	0	0	0	0	0	0	0	0	0	0	0	0	0	0
0.4	4.7671321747275135	4.7671321747275135	4.7671321747275135	0	0	0	0	0	0	0	0	0	0	0	0	0	0	0
0.5	4.7671321747275135	4.7671321747275135	4.7671321747275135	0	0	0	0	0	0	0	0	0	0	0	0	0	0	0
0.6	4.7671321747275135	4.7671321747275135	4.7671321747275135	0	0	0	0	0	0	0	0	0	0	0	0	0	0	0
0.7	4.7671321747275135	4.7671321747275135	4.7671321747275135	0	0	0	0	0	0	0	0	0	0	0	0	0	0	0
0.8	4.7671321747275135	4.7671321747275135	4.7671321747275135	0	0	0	0	0	0	0	0	0	0	0	0	0	0	0
0.9	4.767132174727514	4.767132174727514	4.767132174727514	0	0	0	0	0	0	0	0	0	0	0	0	0	0	0
1	4.7671321747275135	4.7671321747275135	4.7671321747275135	0	0	0	0	0	0	0	0	0	0	0	0	0	0	0
1.1	4.7671321747275135	4.7671321747275135	4.7671321747275135	0	0	0	0	0	0	0	0	0	0	0	0	0	0	0
1.2	4.7671321747275135	4.7671321747275135	4.7671321747275135	0	0	0	0	0	0	0	0	0	0	0	0	0	0	0
1.3	4.767132174727514	4.767132174727514	4.767132174727514	0	0	0	0	0	0	0	0	0	0	0	0	0	0	0
1.4	4.7671321747275135	4.7671321747275135	4.7671321747275135	0	0	0	0	0	0	0	0	0	0	0	0	0	0	0
1.5	4.7671321747275135	4.7671321747275135	4.7671321747275135	0	0	0	0	0	0	0	0	0	0	0	0	0	0	0
1.6	4.7671321747275135	4.7671321747275135	4.7671321747275135	0	0	0	0	0	0	0	0	0	0	0	0	0	0	0
1.7	4.7671321747275135	4.7671321747275135	4.7671321747275135	29.56009841727333	16.891551751518953	7.887110418803119	357.32825755445174	119.44061893016057	22.125044374861535	0	0	0	-0.0026681642353299263	-0.0020206970106355082	-0.0009553042533836678	-0.032251326432892524	-0.0153835505342692	-0.0029144794444703856
1.8	4.7671321747275135	4.7671321747275135	4.7671321747275135	39.95446760870673	33.680839495548774	15.46057793184462	1007.7991381996718	552.5463260626457	104.19593653751643	0	0	0	-0.0036063845258683855	-0.0036116035210398793	-0.0015912605533361876	-0.0909581891199798	-0.06329480997549634	-0.01177029755116429
1.9	4.7671321747275135	4.7671321747275135	4.7671321747275135	43.609451915717635	42.39423204268121	18.773449936988825	1661.4914670045314	1116.6132855033366	206.88766599279757	0	0	0	-0.003936292033989688	-0.004297983708706875	-0.0018129209065760972	-0.14995453849496887	-0.12071613840377746	-0.021666182604138606
2	4.7671321747275135	4.7671321747275135	4.7671321747275135	44.89461401503484	46.53836742214307	20.120126967012776	2235.464762859553	1678.5187429244788	305.1863680561543	0	0	0	-0.004052293797637259	-0.004563670971438977	-0.001888986310391902	-0.20175570807612725	-0.1747765639929825	-0.030619492800063177
2.1	4.7671321747275135	4.7671321747275135	4.7671321747275135	45.346532306324804	48.51368324412254	20.671770746464148	2715.935877181266	2183.3448852506135	390.9389363573696	0	0	0	-0.004093085008988825	-0.004664081055328648	-0.0019149169839948643	-0.245118130018743	-0.22143852752290522	-0.03819120330677319
2.2	4.767132174727514	4.767132174727514	4.767132174727514	45.50545982902782	49.498220591025664	20.907337793579103	3110.5161608314825	2616.300406054227	462.93899432507584	0	0	0	-0.004107430182205034	-0.004702175645801352	-0.0019236266263455276	-0.2807288646999292	-0.2603137316128869	-0.044431472520279236
2.3	4.7671321747275135	4.7671321747275135	4.7671321747275135	45.56129843772035	50.02396993614597	21.015202795759514	3431.9663480472686	2979.309527864484	522.3675908799892	0	0	0	-0.004112470306786561	-0.00471694306850907	-0.0019264550781382353	-0.30973961339862505	-0.2922099821188926	-0.049520707092660037
2.4	4.7671321747275135	4.7671321747275135	4.7671321747275135	45.58095034031065	50.32827977385744	21.069539267923627	3692.942630937204	3280.1403314244594	571.027585994654	0	0	0	-0.0041142441338861855	-0.0047229308182297975	-0.001927307710388079	-0.33329260983009673	-0.3182024038235656	-0.0536531588659509
2.5	4.7671321747275135	4.7671321747275135	4.7671321747275135	45.587861570456845	50.51859045922273	21.099960858906343	3904.507997554155	3527.8755734614497	610.7145038682589	0	0	0	-0.0041148679578274895	-0.00472553459282776	-0.001927513193666406	-0.35238629002321137	-0.33931836503519563	-0.05700262341793834
2.6	4.7671321747275135	4.7671321747275135	4.7671321747275135	45.59028912642908	50.64569851384173	21.11877187272644	4075.9052309738845	3731.1517217841647	643.0178158857743	0	0	0	-0.004115087074757765	-0.004726783091825954	-0.0019275197633459235	-0.3678548132049952	-0.3564479152364995	-0.059715396203080084
2.7	4.7671321747275135	4.7671321747275135	4.7671321747275135	45.591142355041065	50.735038197393656	21.131375542831986	4214.7212949273535	3897.5856010771136	669.282644391563	0	0	0	-0.004115164089185527	-0.004727455002985917	-0.0019274747478784853	-0.3803829002016048	-0.37033403406897686	-0.06191183661027743
2.8	4.7671321747275135	4.7671321747275135	4.7671321747275135	45.59144496708266	50.80024616482304	21.140327062586557	4327.14409133792	4033.675077432399	690.6259715507479	0	0	0	-0.004115191403662581	-0.004727859620889856	-0.0019274238346403438	-0.39052900663207313	-0.3815878209494209	-0.06369014798875373
2.9	4.7671321747275135	4.7671321747275135	4.7671321747275135	45.59155162142081	50.849119100399186	21.14693529362799	4418.183345676374	4144.847075850848	707.9628184902608	0	0	0	-0.0041152010305352	-0.004728125172400583	-0.001927379058199503	-0.3987452580429953	-0.3907062973223043	-0.06512981536850547
3	4.7671321747275135	4.7671321747275135	4.7671321747275135	45.591588401876855	50.88641688902278	21.151936760088226	4491.888253682827	4235.588313467714	722.0388534801303	0	0	0	-0.004115204350425881	-0.004728310012390179	-0.0019273424217713562	-0.4053970925463684	-0.39809224862918346	-0.06629505527300929
3.1	4.7671321747275135	4.7671321747275135	4.7671321747275135	45.591602231748936	50.91532146495913	21.155796816149596	4551.590646030433	4309.652816645747	733.47127140078	0	0	0	-0.004115205598742658	-0.004728444462349797	-0.0019273131171873624	-0.4107852063609645	-0.4040776433578079	-0.06723868516415778
3.2	4.7671321747275135	4.7671321747275135	4.7671321747275135	45.59160705847047	50.93793872555206	21.158810509673952	4599.917801266876	4370.048380526544	742.7494539232105	0	0	0	-0.004115206034413972	-0.004728544177657828	-0.001927289630651795	-0.41514671018696514	-0.40892460566786326	-0.06800233529730995
3.3	4.7671321747275135	4.7671321747275135	4.7671321747275135	45.59160889371138	50.95575755423242	21.16118215274546	4639.06384493599	4419.31480460302	750.2836579353728	0	0	0	-0.00411520620006763	-0.004728619309101419	-0.0019272708160875806	-0.41867962286039817	-0.41285221811620654	-0.06862075997704997
3.4	4.7671321747275135	4.7671321747275135	4.7671321747275135	45.59160960736307	50.9699083972516	21.163065312331444	4670.748358065424	4459.465727231709	756.3966761305696	0	0	0	-0.004115206264483218	-0.004728676415711481	-0.00192725554884262	-0.42153913578910973	-0.41603232502492593	-0.06912118864839967
3.5	4.7671321747275135	4.7671321747275135	4.7671321747275135	45.59160990204888	50.981170910661916	21.164564030585474	4696.421042303607	4492.2144385730135	761.3615089443329	0	0	0	-0.0041152062910822865	-0.004728720055035145	-0.0019272431828667486	-0.423856083888986	-0.41860988234461277	-0.06952656950520347
3.6	4.7671321747275135	4.7671321747275135	4.7671321747275135	45.591610011631694	50.990179174522225	21.165763485590592	4717.188155997434	4518.88151749827	765.3871882975681	0	0	0	-0.004115206300973476	-0.004728753440891433	-0.0019272330449074094	-0.42573030647378873	-0.42069558130716483	-0.06985441016739344
3.7	4.7671321747275135	4.7671321747275135	4.7671321747275135	45.59161008554818	50.99741459496648	21.166727522212756	4734.027835494645	4540.6416986391805	768.6589287504114	0	0	0	-0.004115206307645416	-0.004728779159947865	-0.0019272247207269557	-0.4272500799050066	-0.4223873254080181	-0.07012018688583506
3.8	4.7671321747275135	4.7671321747275135	4.7671321747275135	45.59161009702976	51.00320527914728	21.167499547155447	4747.6436015299505	4558.350330753157	771.3105082735193	0	0	0	-0.004115206308681857	-0.0047287988097401415	-0.0019272179062705711	-0.42847889660959676	-0.42375558499955046	-0.07033502700468067
3.9	4.7671321747275135	4.7671321747275135	4.7671321747275135	45.59161012476493	51.00790032068161	21.168126468271755	4758.6792034502	4572.791249341201	773.4643952001588	0	0	0	-0.004115206311185068	-0.004728813975664015	-0.0019272122036068542	-0.42947485467391666	-0.4248648508124315	-0.070509112725707
4	4.7671321747275135	4.7671321747275135	4.7671321747275135	45.591610127019074	51.011660816932945	21.168628797877638	4767.6179577207395	4584.560991944278	775.2129822305071	0	0	0	-0.004115206311389177	-0.0047288255817116865	-0.0019272075578494175	-0.43028157318956817	-0.42576357386013836	-0.0706500841616797
4.1	4.7671321747275135	4.7671321747275135	4.7671321747275135	45.591610129306176	51.014699689088204	21.169035362918436	4774.841842896821	4594.132563798065	776.6293617473951	0	0	0	-0.004115206311595802	-0.004728834432833085	-0.0019272036834997843	-0.4309335255478266	-0.4264900594434735	-0.07076398032764969
4.2	4.767132174727514	4.767132174727514	4.767132174727514	45.59161013759719	51.01717229056772	21.169366692887042	4780.706354807968	4601.948220645207	777.7816744770225	0	0	0	-0.004115206312343967	-0.004728841248679523	-0.0019272004374872728	-0.43146279508594304	-0.4270799625426724	-0.07085641999245966
4.3	4.7671321747275135	4.7671321747275135	4.7671321747275135	45.591610132590155	51.01914457165146	21.169630986258927	4785.451240523675	4608.310927225456	778.7161330077686	0	0	0	-0.004115206311892511	-0.00472884642374568	-0.0019271978197999103	-0.43189101886808495	-0.42755734694922065	-0.07093118999354664
4.4	4.7671321747275135	4.7671321747275135	4.7671321747275135	45.59161013346664	51.02075157502926	21.169846850600816	4789.284224238176	4613.48233491456	779.4727211150379	0	0	0	-0.004115206311971417	-0.0047288503233092714	-0.0019271956002507628	-0.43223694390854334	-0.4279430648464241	-0.07099157306661988
4.5	4.767132174727514	4.767132174727514	4.767132174727514	45.59161013749109	51.022064106336565	21.17002346793557	4792.398784599738	4617.70803854407	780.0887901937432	0	0	0	-0.00411520631233551	-0.004728853310348687	-0.001927193735146505	-0.43251803156745555	-0.428256540586513	-0.07104062497800973
4.6	4.7671321747275135	4.7671321747275135	4.7671321747275135	45.59161012692944	51.023088518638595	21.17016097652613	4794.920002149475	4621.149934294077	780.5886611878523	0	0	0	-0.004115206311385862	-0.004728855590438271	-0.0019271923088607856	-0.43274557030682975	-0.42851034078184386	-0.07108031920449705
4.7	4.7671321747275135	4.7671321747275135	4.7671321747275135	45.59161012194278	51.0239263154166	21.170273780655158	4796.953895407968	4623.943522369354	780.9928417056217	0	0	0	-0.004115206310937205	-0.00472885726001027	-0.001927191086250985	-0.4329291282501831	-0.4287151197297748	-0.07111233105968413
4.8	4.7671321747275135	4.7671321747275135	4.7671321747275135	45.59161013127866	51.02464492161015	21.170371201954016	4798.604650012061	4626.222794787049	781.321534863584	0	0	0	-0.0041152063117771785	-0.004728858475803473	-0.001927189946313513	-0.4330781081040206	-0.42888134657818455	-0.07113830583297522
4.9	4.7671321747275135	4.7671321747275135	4.7671321747275135	45.59161010541122	51.025130688045174	21.17043574983759	4799.94567500631	4628.086970734538	781.5892600820458	0	0	0	-0.004115206309449011	-0.0047288596101904955	-0.0019271893433468702	-0.4331991350009172	-0.4290163963136145	-0.07115939727797825
5	4.7671321747275135	4.7671321747275135	4.7671321747275135	45.59161007290335	51.02548922106596	21.1704829248885	4801.027536100966	4629.600826629174	781.8057974325939	0	0	0	-0.004115206306523317	-0.004728860509455042	-0.0019271889528151517	-0.4332967724734538	-0.42912535946859026	-0.0711764056870314
5.1	4.7671321747275135	4.7671321747275135	4.7671321747275135	45.591610077618945	51.025870615678635	21.170534883914776	4801.9005053670535	4630.827678902514	781.9808047080468	0	0	0	-0.004115206306947711	-0.0047288609322720864	-0.0019271882980895219	-0.43337555755351664	-0.4292132986391537	-0.07119012814881548
5.2	4.7671321747275135	4.7671321747275135	4.7671321747275135	45.59161008944457	51.02620368843046	21.170580520879845	4802.611377285115	4631.831458404732	782.1235757257756	0	0	0	-0.004115206308012952	-0.004728861307519806	-0.0019271877001516874	-0.43343971342150606	-0.4292849125878864	-0.07120129945328262
5.3	4.7671321747275135	4.7671321747275135	4.7671321747275135	45.591610002266094	51.02618513397234	21.17057405776593	4803.187743778667	4632.6565111584105	782.2399916241667	0	0	0	-0.004115206300169975	-0.004728862581193609	-0.0019271882741614898	-0.4334917302352647	-0.4293429589175361	-0.07121034394551203
5.4	4.7671321747275135	4.7671321747275135	4.7671321747275135	45.59160992849278	51.026160648992516	21.170567489078948	4803.652342365163	4633.325802676352	782.3340677247886	0	0	0	-0.0041152062935326675	-0.0047288635536604255	-0.0019271887547646508	-0.43353366004627225	-0.4293897530239793	-0.0712176314835976
5.5	4.7671321747275135	4.7671321747275135	4.7671321747275135	45.59160999091018	51.02650685548069	21.170617463003346	4804.028039301227	4633.861747887708	782.4098005981532	0	0	0	-0.0041152062991486075	-0.004728862927517624	-0.0019271877641888608	-0.43356756652473366	-0.42942762532665807	-0.07122353500241875
5.6	4.7671321747275135	4.7671321747275135	4.7671321747275135	45.59161004276348	51.02678953567239	21.17065812082512	4804.333875904603	4634.300300507523	782.4715786378816	0	0	0	-0.004115206303814026	-0.00472886263497541	-0.0019271869939967601	-0.4335951681397545	-0.4294584508014117	-0.07122833867805237
5.7	4.7671321747275135	4.7671321747275135	4.7671321747275135	45.59160999177864	51.02673851310371	21.170648705645252	4804.581163195112	4634.663360819384	782.5220382446114	0	0	0	-0.004115206299226803	-0.004728863577077233	-0.0019271874414842954	-0.4336174857050416	-0.4294833494675941	-0.07123221123581104
5.8	4.7671321747275135	4.7671321747275135	4.7671321747275135	45.59161001834113	51.026903906166936	21.170672547796055	4804.781014642082	4634.953721344636	782.5626194480708	0	0	0	-0.004115206301616729	-0.004728863206919303	-0.0019271869637616447	-0.4336355222076125	-0.4295034969751943	-0.07123534739271646
5.9	4.767132174727513	4.767132174727513	4.767132174727513	45.59161008985957	51.02718911908406	21.170714783226654	4804.943314023101	4635.187336270311	782.595433657763	0	0	0	-0.004115206308051431	-0.004728862214652167	-0.0019271859872404464	-0.4336501696536475	-0.42951987365752964	-0.07123789868681853
6	4.7671321747275135	4.7671321747275135	4.7671321747275135	45.59161009589239	51.02726243547215	21.17072503989813	4805.074570219511	4635.380967804629	782.6222552485701	0	0	0	-0.0041152063085941855	-0.0047288622165829255	-0.001927185825458626	-0.4336620154658473	-0.42953309974720977	-0.07123995527486851
6.1	4.7671321747275135	4.7671321747275135	4.7671321747275135	45.59161012127409	51.02738533943318	21.170743086818135	4805.180863060419	4635.537189741707	782.6439339688502	0	0	0	-0.004115206310877648	-0.0047288617696740875	-0.00192718541808353	-0.43367160834671964	-0.429543819905354	-0.07124162255354359
6.2	4.7671321747275135	4.7671321747275135	4.7671321747275135	45.591610127430194	51.0274405938287	21.170750936819445	4805.267046264888	4635.665569149151	782.6616135091069	0	0	0	-0.0041152063114301045	-0.004728861692666677	-0.0019271852753767788	-0.43367938634188863	-0.42955250502288855	-0.07124297206357871
6.3	4.7671321747275135	4.7671321747275135	4.7671321747275135	45.59161012625495	51.02746663819144	21.17075446036471	4805.33667808886	4635.770311883869	782.6759572668765	0	0	0	-0.004115206311323669	-0.004728861718306851	-0.0019271852328596728	-0.43368567058238905	-0.42955951970717177	-0.07124406121288594
6.4	4.7671321747275135	4.7671321747275135	4.7671321747275135	45.59161013461273	51.02751655751603	21.170761728340228	4805.393170478674	4635.855084440466	782.6875789346103	0	0	0	-0.004115206312076302	-0.004728861542855825	-0.0019271850743815323	-0.4336907689949666	-0.42956521459898717	-0.0712449455859282
6.5	4.7671321747275135	4.7671321747275135	4.7671321747275135	45.59161012105282	51.027493564409404	21.17075786674317	4805.438964453806	4635.925630511576	782.6971115789564	0	0	0	-0.004115206310854566	-0.004728861892481082	-0.0019271852293720627	-0.43369490188037096	-0.429569819521244	-0.07124565951283572
6.6	4.7671321747275135	4.7671321747275135	4.7671321747275135	45.59161010930908	51.02747270915968	21.17075441105078	4805.475905399434	4635.982914187545	782.7048227530461	0	0	0	-0.004115206309796556	-0.004728862172804834	-0.0019271853610888414	-0.4336982357838881	-0.4295735338013717	-0.07124623506361677
6.7	4.7671321747275135	4.7671321747275135	4.7671321747275135	45.591610123658455	51.02753052988628	21.170763112735397	4805.505824713142	4636.027845339654	782.7109751707455	0	0	0	-0.004115206311089453	-0.0047288617975140106	-0.0019271851296437084	-0.43370093598842974	-0.429576555165871	-0.0712467041176361
6.8	4.7671321747275135	4.7671321747275135	4.7671321747275135	45.59161009090551	51.02743649469902	21.170748353494773	4805.530172447516	4636.067830658081	782.7161958848428	0	0	0	-0.0041152063081425945	-0.004728862823591155	-0.0019271856142928092	-0.43370313336014277	-0.4295789836264339	-0.07124707940337525
6.9	4.7671321747275135	4.7671321747275135	4.7671321747275135	45.59161002899764	51.027248484283575	21.170719118345474	4805.549841120327	4636.1028685532065	782.7205840740075	0	0	0	-0.004115206302570511	-0.004728864659387594	-0.001927186531235707	-0.43370490844850207	-0.429580922464014	-0.07124737753270555
7	4.7671321747275135	4.7671321747275135	4.7671321747275135	45.591610008276824	51.0271897783228	21.170709936894408	4805.5656866826075	4636.129112854242	782.7239936075813	0	0	0	-0.004115206300705399	-0.004728865245630856	-0.0019271868243055097	-0.4337063385031672	-0.42958250420425337	-0.07124762170595238
7.1	4.7671321747275135	4.7671321747275135	4.7671321747275135	45.591610078024765	51.027416665903736	21.17074496204017	4805.578550373494	4636.144231137087	782.7263719742102	0	0	0	-0.004115206306983519	-0.004728863165678721	-0.0019271857587521055	-0.4337074994459187	-0.42958384544751066	-0.07124783191206248
7.2	4.7671321747275135	4.7671321747275135	4.7671321747275135	45.59161009742012	51.02748149568548	21.170754848609416	4805.5889991963895	4636.159331812184	782.7284814136098	0	0	0	-0.004115206308727885	-0.004728862715939025	-0.001927185483096921	-0.43370844244762796	-0.4295849067881824	-0.0712479971011618
7.3	4.7671321747275135	4.7671321747275135	4.7671321747275135	45.591610095853206	51.02747952646999	21.17075444701555	4805.597442464044	4636.172852523607	782.7302682375001	0	0	0	-0.004115206308586121	-0.004728862827429203	-0.0019271855128556465	-0.43370920444872335	-0.4295857535661687	-0.07124812816739426
7.4	4.7671321747275135	4.7671321747275135	4.7671321747275135	45.591610127486476	51.027583934195476	21.170770623980886	4805.604285929435	4636.1814394608045	782.7315661241199	0	0	0	-0.004115206311435065	-0.004728861768883577	-0.0019271850048456984	-0.4337098220685471	-0.42958646561060065	-0.07124823927524009
7.5	4.7671321747275135	4.7671321747275135	4.7671321747275135	45.59161014065503	51.027628496476254	21.170777506247195	4805.609827787962	4636.189356063742	782.7326777104963	0	0	0	-0.00411520631262112	-0.004728861334028777	-0.0019271847921984284	-0.4337103222188335	-0.4295870325759199	-0.07124832735778391
7.6	4.7671321747275135	4.7671321747275135	4.7671321747275135	45.59161014065503	51.027628496476254	21.170777506247195	4805.609827787962	4636.189356063742	782.7326777104963	0	0	0	-0.00411520631262112	-0.004728861334028777	-0.0019271847921984284	-0.4337103222188335	-0.4295870325759199	-0.07124832735778391
7.7	4.7671321747275135	4.7671321747275135	4.7671321747275135	16.031288705569093	51.02226203643407	21.16874686402587	4448.339508297709	4636.169051715705	782.7294330839098	0	0	0	-0.001447021947175953	-0.004728884521876174	-0.0019271815311783437	-0.40146852686139245	-0.42958760677695834	-0.07124839151630345
7.8	4.7671321747275135	4.7671321747275135	4.7671321747275135	5.637285475928214	50.998522661190414	21.159786236220583	3797.8919897353917	4635.903009902113	782.6884424434201	0	0	0	-0.0005088346892119957	-0.004728983155420328	-0.0019271655130080679	-0.34276641201366925	-0.429589135047166	-0.07124837886905346
7.9	4.7671321747275135	4.7671321747275135	4.7671321747275135	1.982243441581393	50.95570408130582	21.143642338834677	3144.2057190018436	4635.104340465303	782.5657140339032	0	0	0	-0.00017892197048504518	-0.0047291462195462024	-0.001927129918684041	-0.2837707450862036	-0.4295927056300392	-0.07124818996494599
8	4.7671321747275135	4.7671321747275135	4.7671321747275135	0.6970171472814477	50.89501750890538	21.120789657646903	2570.2275207021844	4633.556902129089	782.3282224838352	0	0	0	-6291441244672791e-20	-0.0047293450459861995	-0.0019270652930005205	-0.2319683284065683	-0.42959880404522466	-0.07124768941413265
8.1	4.7671321747275135	4.7671321747275135	4.7671321747275135	0.2450975936333625	50.81622305976879	21.091154393878337	2089.7475260477654	4631.09450655088	781.9507025077781	0	0	0	-2212308715171989e-20	-0.00472954471701436	-0.0019269565232813766	-0.18860410582021087	-0.42960727502500684	-0.07124668176188241
8.2	4.767132174727513	4.767132174727513	4.767132174727513	0.08618666197533045	50.71761658089631	21.0541101666987	1695.1591458156215	4627.564876000192	781.4100927183739	0	0	0	-7779411482303344e-21	-0.004729698022187497	-0.0019267804235721514	-0.15299170587504932	-0.4296172924152734	-0.07124487469370461
8.3	4.7671321747275135	4.7671321747275135	4.7671321747275135	0.030306208248165205	50.59635573700181	21.008603441349393	1373.7011865707366	4622.804642953786	780.6816914629325	0	0	0	-27355098692460313e-22	-0.004729735363358361	-0.001926502443575193	-0.12397945447701356	-0.42962718852720433	-0.07124182939304669
8.4	4.7671321747275135	4.7671321747275135	4.7671321747275135	0.010656556722248177	50.44870212676289	20.953247644823684	1112.7191391737942	4616.624103438008	779.7368298931525	0	0	0	0	-0.0047295518985496	-0.0019260721205747872	-0.10042527327768828	-0.4296341170310235	-0.07123689274986549
8.5	4.7671321747275135	4.7671321747275135	4.7671321747275135	0.0037471908599052716	50.2701824853561	20.88638690348254	901.1499313604594	4608.798257599564	778.5415277193969	0	0	0	0	-0.004728991302546978	-0.0019254170686822587	-0.08133070279529683	-0.4296335285377926	-0.07122910524113484
8.6	4.7671321747275135	4.7671321747275135	4.7671321747275135	0.0013176398640152031	50.05572616767601	20.806151085337802	729.7482226241987	4599.062048480568	777.0558089692445	0	0	0	0	-0.004727825579304542	-0.0019244354368176551	-0.06586133357630074	-0.42961843041468045	-0.07121707847472616
8.7	4.7671321747275135	4.7671321747275135	4.7671321747275135	0.00046332241148355026	49.799831082245454	20.710521923893552	590.9266989137564	4587.109067957702	775.2335647727282	0	0	0	0	-0.004725730958990656	-0.001922987001110223	-0.053332176977508715	-0.4295784029893836	-0.07119883784752484
8.8	4.7671321747275135	4.7671321747275135	4.7671321747275135	0.00016292927844764314	49.49680012254107	20.597426021231723	478.5061587951638	4572.593952809918	773.0229969775866	0	0	0	0	-0.00472226156674255	-0.001920883693496791	-0.04318577049547712	-0.42949835929415187	-0.07117162924530789
8.9	4.7671321747275135	4.7671321747275135	4.7671321747275135	5728588052315859e-20	49.14107973368128	20.464866322881964	387.4703039526133	4555.139302163795	770.367768219059	0	0	0	0	-0.00471682580306822	-0.0019178816115085406	-0.03496956639530564	-0.4293571097048	-0.07113170118579697
9	4.767132174727514	4.767132174727514	4.767132174727514	2014373832995912e-20	48.72772014790315	20.3110987836342	313.75316133077337	4534.348187468957	767.2090185871068	0	0	0	0	-0.004708668523889251	-0.0019136758685484563	-0.028316484561390288	-0.4291258233414071	-0.07107407935309874
9.1	4.767132174727514	4.767132174727514	4.767132174727514	708373912823776e-20	48.25295066531946	20.134850597258197	254.06058113932926	4509.823411149307	763.4884147649194	0	0	0	0	-0.004696871750617673	-0.0019079032235790592	-0.022929165465783254	-0.4287666358112673	-0.070992375634204
9.2	4.7671321747275135	4.7671321747275135	4.7671321747275135	2490517397706332e-21	47.71485137720046	19.935571456087608	205.72445051857878	4481.193583290682	759.1522264452765	0	0	0	0	-0.004680384968787428	-0.0019001567164315756	-0.018566787077398023	-0.4282317682507244	-0.07087869059496815
9.3	4.7671321747275135	4.7671321747275135	4.7671321747275135	0	47.114014451487144	19.71367630903114	166.5843615622078	4448.146674815663	754.1565047318564	0	0	0	0	-0.004658094080637783	-0.0018900154169390851	-0.015034362744666371	-0.4274636873818267	-0.07072369425821158
9.4	4.7671321747275135	4.7671321747275135	4.7671321747275135	0	46.454164633284606	19.470766080108874	134.89114257192705	4410.467000540857	748.4727153162492	0	0	0	0	-0.004628938936759064	-0.0018770926922176377	-0.012174025508061527	-0.42639679127977004	-0.07051695630709191
9.5	4.7671321747275135	4.7671321747275135	4.7671321747275135	0	45.74244973474748	19.20971870181442	109.22767933737822	4368.074229889887	742.0935718069817	0	0	0	0	-0.004592063914956181	-0.0018610957430953638	-0.009857878731975992	-0.4249612120406748	-0.07024761260733434
9.6	4.7671321747275135	4.7671321747275135	4.7671321747275135	0	44.98940898073087	18.934654165849626	88.44655352303865	4321.058030919463	735.0380806686915	0	0	0	0	-0.004546984994221954	-0.0018418895612861553	-0.00798236670336404	-0.42308868650119014	-0.06990534777348535
9.7	4.7671321747275135	4.7671321747275135	4.7671321747275135	0	44.208551819646146	18.65075049066711	71.61919054537492	4269.701358021757	727.3547244530752	0	0	0	0	-0.004493744210533417	-0.0018195534253098535	-0.006463684754328567	-0.4207201293716456	-0.06948162032402341
9.8	4.7671321747275135	4.7671321747275135	4.7671321747275135	0	43.415455150337316	18.36388257556196	57.99342214373864	4214.486302313672	719.121882404088	0	0	0	0	-0.004432997597207797	-0.001794408959822503	-0.005233949099934139	-0.4178138063326764	-0.06897094077572129
9.9	4.7671321747275135	4.7671321747275135	4.7671321747275135	0	42.62652780366077	18.080144832689406	46.95994410133767	4156.081405456439	710.4453813308247	0	0	0	0	-0.004366007717112219	-0.0017670097434870325	-0.004238169569683322	-0.4143526930466903	-0.06837197658945272
10	4.767132174727514	4.767132174727514	4.767132174727514	0	41.85765625685606	17.805340579374434	38.02556453875501	4095.309682060031	701.4531306179116	0	0	0	0	-0.004294536724819164	-0.00173809237755675	-0.0034318352274018324	-0.4103496067614504	-0.06768826336248876
10.1	4.7671321747275135	4.7671321747275135	4.7671321747275135	0	41.1229967473571	17.54453842712111	30.791040242690165	4033.098089307915	692.2870538317734	0	0	0	0	-0.004220660284046843	-0.0017084985158265066	-0.002778914076871757	-0.4058485159531437	-0.0669282823866846
10.2	4.7671321747275135	4.7671321747275135	4.7671321747275135	0	40.434028147738935	17.301738691587314	24.932950401288345	3970.4187360969	683.0939435096091	0	0	0	0	-0.004146534142375434	-0.0016790814369304027	-0.0022502171507549043	-0.4009218794129105	-0.06610490652529424
10.3	4.7671321747275135	4.7671321747275135	4.7671321747275135	0	39.799022131465506	17.079702235246494	20.189367499206828	3908.2290277577063	674.0163548544406	0	0	0	0	-0.004074172872357414	-0.001650620388694924	-0.0018221052974945016	-0.3956646400969409	-0.06523433459065617
10.4	4.7671321747275135	4.7671321747275135	4.7671321747275135	0	39.222930472337936	16.87993737154737	16.34824051446185	3847.4176293023525	665.1845808534938	0	0	0	0	-0.004005276466274493	-0.0016237560798366543	-0.0014754407559785414	-0.390185941682446	-0.06433469870962322
10.5	4.7671321747275135	4.7671321747275135	4.7671321747275135	0	38.707647669982165	16.702824148582366	13.23790251875332	3788.761625021615	656.7104974170479	0	0	0	0	-0.003941130454747774	-0.0015989562977132131	-0.001194730459370234	-0.38459992743388904	-0.06342456915532978
10.6	4.767132174727513	4.767132174727513	4.767132174727513	0	38.25250407258263	16.54781928770382	10.71932482652972	3732.899212664658	648.6838688701137	0	0	0	0	-0.0038825773475618134	-0.0015765097445373654	-0.0009674269663163991	-0.3790172569583404	-0.06252161495506686
10.7	4.767132174727513	4.767132174727513	4.767132174727513	0	37.854864160496675	16.41369332152776	8.679921397564089	3680.3171522621715	641.170925590621	0	0	0	0	-0.003830044990782486	-0.001556541565151187	-0.0007833693037009099	-0.3735383172311689	-0.06164156488645271
10.8	4.767132174727514	4.767132174727514	4.767132174727514	0	37.510737261222914	16.298765287323988	7.028527014434303	3631.3510751094855	634.2148749160103	0	0	0	0	-0.003783612361935613	-0.0015390425075493086	-0.0006343297434563697	-0.36824856131634665	-0.06079752694448169
10.9	4.7671321747275135	4.7671321747275135	4.7671321747275135	0	37.21532588622991	16.201108204849664	5.691323844069225	3586.1958310292293	627.8378739678574	0	0	0	0	-0.003743091766923015	-0.0015239033673924505	-0.0005136461717399603	-0.36321604272913877	-0.05999966569872471
11	4.7671321747275135	4.7671321747275135	4.7671321747275135	0	36.96347333492595	16.11871255654913	4.608537624296016	3544.922542175919	622.0439330042595	0	0	0	0	-0.003708111348226395	-0.0015109485146967362	-0.0004159239173335548	-0.35849087130210144	-0.05925518448745247
11.1	4.7671321747275135	4.7671321747275135	4.7671321747275135	0	36.74999891797059	16.049605011336013	3.731752149852419	3507.4992494314	616.8222657562974	0	0	0	0	-0.0036781876856518277	-0.0014999647093099032	-0.0003367933820268178	-0.35410614595236145	-0.05856853498833039
11.2	4.7671321747275135	4.7671321747275135	4.7671321747275135	0	36.56993831239624	15.991929827933562	3.0217487350144254	3473.812111905647	612.1506376073157	0	0	0	0	-0.0036527856675444346	-0.0014907242550517967	-0.0002727150505268727	-0.3500797701481851	-0.05794175690957416
11.3	4.7671321747275135	4.7671321747275135	4.7671321747275135	0	36.41868680330529	15.9439948418698	2.4468253241518103	3443.685655502781	607.9984948403995	0	0	0	0	-0.0036313600800874776	-0.0014830008305089285	-0.00022082778894695252	-0.346416738541354	-0.057374880334350536
11.4	4.7671321747275135	4.7671321747275135	4.7671321747275135	0	36.292071452594655	15.904290952470026	1.9813200160469597	3416.902278868112	604.3298981398924	0	0	0	0	-0.003613384151291234	-0.0014765799713963655	-0.00017881559178796984	-0.3431118376915483	-0.056866381419627667
11.5	4.7671321747275135	4.7671321747275135	4.7671321747275135	0	36.18637479704417	15.87149368125817	1.604381606816425	3393.218313058121	601.1058752717686	0	0	0	0	-0.003598367564457311	-0.001471265197116521	-0.00014479662253097096	-0.3401522069406047	-0.05641360338381884
11.6	4.7671321747275135	4.7671321747275135	4.7671321747275135	0	36.098354951850766	15.844463534642628	1.2991136472514395	3372.375740112677	598.2861298363589	0	0	0	0	-0.0035858702772572663	-0.0014668823640174254	-0.00011724596418127787	-0.337519288071869	-0.056013076770625746
11.7	4.7671321747275135	4.7671321747275135	4.7671321747275135	0	36.02521128501934	15.82223107490649	1.0519578289345215	3354.1138380389225	595.8307064193232	0	0	0	0	-0.0035755020909512174	-0.0014632793057407774	-9493996941100598e-20	-0.33519081680245644	-0.05566083837783203
11.8	4.7671321747275135	4.7671321747275135	4.7671321747275135	0	35.964524207804125	15.80396996130992	0.851832735055587	3338.176841327733	593.7009770364281	0	0	0	0	-0.0035669206102895796	-0.0014603241368811033	-7687853218544514e-20	-0.3331426094832616	-0.05535270401328046
11.9	4.7671321747275135	4.7671321747275135	4.7671321747275135	0	35.914242373139416	15.788988223917967	0.6897508130362037	3324.318379515566	591.8602373335202	0	0	0	0	-0.003559833108006708	-0.0014579052316544253	-6225051926007653e-20	-0.33134950165298815	-0.055084415553081086
12	4.7671321747275135	4.7671321747275135	4.7671321747275135	0	35.87263919536424	15.776711964098608	0.5585289204274643	3312.307546726357	590.2745177014737	0	0	0	0	-0.003553990649684877	-0.001455928941873463	-5040764673452518e-20	-0.3297865142880632	-0.05485181896625556
12.1	4.7671321747275135	4.7671321747275135	4.7671321747275135	0	35.838246410968004	15.766658960023813	0.4522723834790504	3301.9292039749726	588.912494032897	0	0	0	0	-0.003549180757196794	-0.0014543161712602106	-4081791595813238e-20	-0.3284294434919062	-0.05465094103306407
12.2	4.7671321747275135	4.7671321747275135	4.7671321747275135	0	35.80983798591877	15.758431386388358	0.3662166714423161	3292.9856932663747	587.7456905707357	0	0	0	0	-0.003545225828361027	-0.0014530014666537128	-3305132451911331e-20	-0.32725527816884703	-0.054478050962356354
12.3	4.7671321747275135	4.7671321747275135	4.7671321747275135	0	35.786394946854266	15.751703037635851	0.2965472845830497	3285.2987611515982	586.7486849972513	0	0	0	0	-0.0035419779233397146	-0.0014519309822480092	-2676361100496769e-20	-0.32624269870859157	-0.054329729799736555
12.4	4.7671321747275135	4.7671321747275135	4.7671321747275135	0	35.76705800698729	15.746201797197163	0.2401293540463944	3278.70687297719	585.8986365515161	0	0	0	0	-0.0035393124511223016	-0.0014510597999702272	-21671851190976356e-21	-0.32537200106967695	-0.05420284605492648
12.5	4.7671321747275135	4.7671321747275135	4.7671321747275135	0	35.751116745721355	15.741705315634716	0.19443951757475333	3273.0659667107525	585.1753610686848	0	0	0	0	-0.003537126652371602	-0.0014503512480990935	-17548309773536516e-21	-0.32462528990471545	-0.054094582086194234
12.6	4.7671321747275135	4.7671321747275135	4.7671321747275135	0	35.737983848975276	15.738031968053232	0.1574498817921582	3268.24890558914	584.5611994366486	0	0	0	0	-0.0035353357327502755	-0.0014497754037996553	-14209967880800154e-21	-0.32398654372144625	-0.05400243659368357
12.7	4.7671321747275135	4.7671321747275135	4.7671321747275135	0	35.727166500581895	15.735030869742376	0.12749411270981	3264.1425220772803	584.0405520925601	0	0	0	0	-0.0035338687940601235	-0.001449307470247003	-11506437642100348e-21	-0.3234413435756772	-0.05392417500565419
12.8	4.7671321747275135	4.7671321747275135	4.7671321747275135	0	35.71826025995	15.732579564984984	0.10323605734919285	3260.647953503315	583.5999042121593	0	0	0	0	-0.003532667899292495	-0.0014489273861699582	-9317130266309323e-21	-0.32297696148442745	-0.053857840356706134
12.9	4.7671321747275135	4.7671321747275135	4.7671321747275135	0	35.710931120717675	15.730577990806687	0.0835969833095122	3257.6790532167283	583.2275691635749	0	0	0	0	-0.0035316853870994876	-0.001448618812959909	-7544689359171331e-21	-0.32258221733371895	-0.053801725926709905
13	4.7671321747275135	4.7671321747275135	4.7671321747275135	0	35.70489988252086	15.728943278848885	0.06769161505767382	3255.1601310040446	582.9133502508869	0	0	0	0	-0.003530881602427046	-0.001448368271528432	-6109218151328285e-21	-0.3222472250173014	-0.05375433230432977
13.1	4.7671321747275135	4.7671321747275135	4.7671321747275135	0	35.699938680425085	15.727608498944827	0.054812388982792275	3253.026061302404	582.6485412751321	0	0	0	0	-0.0035302243525662884	-0.001448164924753923	-4946858505385617e-21	-0.32196342705954895	-0.053714370759963555
13.2	4.7671321747275135	4.7671321747275135	4.7671321747275135	0	35.695859074019104	15.726518817991057	0.044385241121714984	3251.2205157049957	582.4256636768677	0	0	0	0	-0.0035296871437107387	-0.001447999933583439	-40058007255527955e-22	-0.32172338902915876	-0.0536807286997756
13.3	4.7671321747275135	4.7671321747275135	4.7671321747275135	0	35.69250411787747	15.72562896485886	0.035940127220801546	3249.694517582141	582.2382573134062	0	0	0	0	-0.0035292480265251003	-0.0014478660345452871	-32436229714907304e-22	-0.32152062315450874	-0.0536524409683657
13.4	4.7671321747275135	4.7671321747275135	4.7671321747275135	0	35.68974622847988	15.72490249285417	0.029102246460632246	3248.4064030487184	582.0808659650204	0	0	0	0	-0.0035288892629335654	-0.0014477574117041918	-2626499192998391e-21	-0.3213495921487573	-0.05362868915923492
13.5	4.7671321747275135	4.7671321747275135	4.7671321747275135	0	35.68747961767703	15.724309433206065	0.023566008713601275	3247.3202874304893	581.9488194772188	0	0	0	0	-0.0035285962227503487	-0.001447669306783235	-2126849655822925e-21	-0.32120551596688385	-0.05360877075596235
13.6	4.7671321747275135	4.7671321747275135	4.7671321747275135	0	35.68561653593024	15.723825131678035	0.01908202338172544	3246.4052559909755	581.8381193969715	0	0	0	0	-0.003528356839334243	-0.0014475978260556914	-17221666746819774e-22	-0.32108426884788044	-0.05359208278981919
13.7	4.7671321747275135	4.7671321747275135	4.7671321747275135	0	35.684085812127435	15.723429770336125	0.01545164843338138	3245.635226194973	581.7454148887501	0	0	0	0	-0.0035281613865244697	-0.001447539858351116	-1394522659811631e-21	-0.320982364657417	-0.05357811884858672
13.8	4.7671321747275135	4.7671321747275135	4.7671321747275135	0	35.68282824799933	15.723106988620273	0.01251216460436245	3244.9877836417863	581.6678427762204	0	0	0	0	-0.003528001818527391	-0.0014474928489357948	-11292320776844373e-22	-0.32089680487168876	-0.053566445585357746
13.9	4.7671321747275135	4.7671321747275135	4.7671321747275135	0	35.68179498737568	15.722843389813816	0.010131399024897354	3244.443791411984	581.6029731017269	0	0	0	0	-0.003527871534921609	-0.0014474547180468671	0	-0.32082502775909266	-0.05355669476175146
14	4.7671321747275135	4.7671321747275135	4.7671321747275135	0	35.68094640390418	15.722628197062358	0.00820396460987982	3243.9871854172043	581.5487788657466	0	0	0	0	-0.003527765216234153	-0.0014474238032461595	0	-0.32076488231137573	-0.053548558919001225
14.1	4.7671321747275135	4.7671321747275135	4.7671321747275135	0	35.68024944314555	15.722452482129222	0.006643198191757239	3243.6041790683107	581.5035296378746	0	0	0	0	-0.0035276784498030718	-0.001447398734894171	0	-0.3207145225395774	-0.05354177544964157
14.2	4.7671321747275135	4.7671321747275135	4.7671321747275135	0	35.67967700558978	15.722308980168487	0.005379164944103852	3243.2831146511394	581.465770685957	0	0	0	0	-0.0035276076406696223	-0.0014473784055615356	0	-0.32067238791622277	-0.05353612351412905
14.3	4.7671321747275135	4.7671321747275135	4.7671321747275135	0	35.679207038355194	15.722191823015699	0.004355856540844814	3243.0142187466795	581.434289467729	0	0	0	0	-0.0035275498818848174	-0.0014473619265349654	0	-0.3206371708882387	-0.05353141903534983
14.4	4.7671321747275135	4.7671321747275135	4.7671321747275135	0	35.67882111702247	15.722096139036449	0.0035271174312853986	3242.789116494037	581.4080521293497	0	0	0	0	-0.0035275027584702853	-0.0014473485642811442	0	-0.3206077517716225	-0.05352750509154757
14.5	4.7671321747275135	4.7671321747275135	4.7671321747275135	0	35.67850426493501	15.722017996907994	0.002856022279790988	3242.6008028537053	581.386198857177	0	0	0	0	-0.0035274643203343963	-0.0014473377308983812	0	-0.32058319494368287	-0.05352425123217026
14.6	4.7671321747275135	4.7671321747275135	4.7671321747275135	0	35.67824419653691	15.721954192840423	0.0023127232690743206	3242.443383528439	581.3680099598184	0	0	0	0	-0.0035274329776113274	-0.001447328950370775	0	-0.32056271402903525	-0.05352154833369601
14.7	4.7671321747275135	4.7671321747275135	4.7671321747275135	0	35.678030666646286	15.721902071246552	0.0018726667432069197	3242.3118272771326	581.3528740921715	0	0	0	0	-0.003527407412218987	-0.0014473218305514734	0	-0.3205456385901816	-0.05351930376746151
14.8	4.7671321747275135	4.7671321747275135	4.7671321747275135	0	35.677855424180244	15.721859508330688	0.0015163933455656139	3242.201973128224	581.3402884999892	0	0	0	0	-0.003527386569966754	-0.0014473160601274088	0	-0.32053141503411686	-0.053517441437993134
14.9	4.7671321747275135	4.7671321747275135	4.7671321747275135	0	35.67771159993317	15.721824745930308	0.001227914853195117	3242.110282767102	581.3298276277227	0	0	0	0	-0.0035273695782589666	-0.0014473113829672657	0	-0.3205195732955961	-0.05351589700085752
15	4.7671321747275135	4.7671321747275135	4.7671321747275135	0	35.67759355902536	15.721796350684928	0.0009943055299700787	3242.033785978369	581.3211360430013	0	0	0	0	-0.0035273557119517725	-0.0014473075867768711	0	-0.3205097194602599	-0.0535146167822504
