0	4.7671321747275135	4.7671321747275135	4.7671321747275135	0	0	0	0	0	0	0	0	0	0	0	0	0	0	0
0.1	4.7671321747275135	4.7671321747275135	4.7671321747275135	0	0	0	0	0	0	0	0	0	0	0	0	0	0	0
0.2	4.7671321747275135	4.7671321747275135	4.7671321747275135	0	0	0	0	0	0	0	0	0	0	0	0	0	0	0
0.3	4.767132174727514	4.767132174727514	4.767132174727514	0	0	0	0	0	0	0	0	0	0	0	0	0	0	0
0.4	4.7671321747275135	4.7671321747275135	4.7671321747275135	0	0	0	0	0	0	0	0	0	0	0	0	0	0	0
0.5	4.7671321747275135	4.7671321747275135	4.7671321747275135	0	0	0	0	0	0	0	0	0	0	0	0	0	0	0
0.6	4.7671321747275135	4.7671321747275135	4.7671321747275135	0	0	0	0	0	0	0	0	0	0	0	0	0	0	0
0.7	4.7671321747275135	4.7671321747275135	4.7671321747275135	0	0	0	0	0	0	0	0	0	0	0	0	0	0	0
0.8	4.7671321747275135	4.7671321747275135	4.7671321747275135	0	0	0	0	0	0	0	0	0	0	0	0	0	0	0
0.9	4.767132174727514	4.767132174727514	4.767132174727514	0	0	0	0	0	0	0	0	0	0	0	0	0	0	0
1	4.7671321747275135	4.7671321747275135	4.7671321747275135	0	0	0	0	0	0	0	0	0	0	0	0	0	0	0
1.1	4.7671321747275135	4.7671321747275135	4.7671321747275135	0	0	0	0	0	0	0	0	0	0	0	0	0	0	0
1.2	4.7671321747275135	4.7671321747275135	4.7671321747275135	0	0	0	0	0	0	0	0	0	0	0	0	0	0	0
1.3	4.767132174727514	4.767132174727514	4.767132174727514	0	0	0	0	0	0	0	0	0	0	0	0	0	0	0
1.4	4.7671321747275135	4.7671321747275135	4.7671321747275135	0	0	0	0	0	0	0	0	0	0	0	0	0	0	0
1.5	4.7671321747275135	4.7671321747275135	4.7671321747275135	0	0	0	0	0	0	0	0	0	0	0	0	0	0	0
1.6	4.7671321747275135	4.7671321747275135	4.7671321747275135	0	0	0	0	0	0	0	0	0	0	0	0	0	0	0
1.7	4.7671321747275135	4.7671321747275135	4.7671321747275135	29.560108097085152	16.8915289084838	7.887089191923263	357.32800464302875	119.44068343380022	22.12506518380771	0	0	0	0	461121773792473e-19	22626728176251603e-21	0.002998263874766208	0.0014300986568633945	0.00027093475783055804
1.8	4.7671321747275135	4.7671321747275135	4.7671321747275135	39.95443268095812	33.68085310846168	15.460577121757243	1007.8000323344287	552.5468859608343	104.19609744082882	0	0	0	0	53127880809776246e-21	18197772037338883e-21	0.008456237380428996	0.005884253514589151	0.0010942040217478259
1.9	4.7671321747275135	4.7671321747275135	4.7671321747275135	43.6093859050872	42.39418176105982	18.773411707598935	1661.4930540541363	1116.615498883279	206.88810803319325	0	0	0	0	4382117348421603e-20	11005669941427541e-21	0.013941237567209712	0.011222733041180268	0.002014175768921762
2	4.7671321747275135	4.7671321747275135	4.7671321747275135	44.89467123069959	46.53845364994981	20.120170797152824	2235.4636124266613	1678.516204454637	305.18595870311725	0	0	0	0	3374716623888812e-20	67769146456462785e-22	0.018757303389050947	0.01624881748478494	0.002846521151484326
2.1	4.767132174727514	4.767132174727514	4.767132174727514	45.34657117085804	48.51376461047151	20.67180487368262	2715.9354518639643	2183.342940796665	390.9386824386484	0	0	0	0	26506417865265952e-21	45585729123799865e-22	0.02278884119271877	0.020587167213616957	0.003550435287554031
2.2	4.767132174727514	4.767132174727514	4.767132174727514	45.505424785234716	49.49813148448571	20.907304359115116	3110.5160131584303	2616.3021036586956	462.93916142357574	0	0	0	0	2178654247655647e-20	3391712410145968e-21	0.02609968340839176	0.024201597653139558	0.004130571614928163
2.3	4.7671321747275135	4.7671321747275135	4.7671321747275135	45.56132556437603	50.02405561149061	21.015231357211437	3431.9676793460094	2979.308888264798	522.3676468067613	0	0	0	0	1874747297053275e-20	27493542742137443e-22	0.028796916498690178	0.027167163219354667	0.004603701179617611
2.4	4.7671321747275135	4.7671321747275135	4.7671321747275135	45.58095422936905	50.328289875669796	21.069543040015493	3692.9430803821247	3280.1404902795903	571.0276403454776	0	0	0	0	16750772598555638e-21	23727415152236325e-22	0.030986706011301105	0.02958382784070639	0.004987879673302568
2.5	4.767132174727514	4.767132174727514	4.767132174727514	45.587858533791696	50.518569733312944	21.099955999731964	3904.506820943247	3527.8748600572976	610.7143298283193	0	0	0	0	15396006055167093e-21	21365981136646026e-22	0.03276189270893591	0.03154709628146432	0.005299265400403201
2.6	4.7671321747275135	4.7671321747275135	4.7671321747275135	45.59028956180298	50.64569475822955	21.11877157459936	4075.90563611871	3731.1521496863033	643.0178890635252	0	0	0	0	14445414512197007e-21	19793352860015697e-22	0.03420006399425597	0.03313975479779503	0.005551464818552394
2.7	4.7671321747275135	4.7671321747275135	4.7671321747275135	45.59114572635464	50.73506508875766	21.13138144979246	4214.7277706513705	3897.591599967761	669.2837623354864	0	0	0	0	1375802775581744e-20	18693462333919123e-22	0.03536489122743979	0.034430895202264264	0.005755669280765169
2.8	4.767132174727513	4.767132174727513	4.767132174727513	45.59144584198587	50.800265328712214	21.14033035710483	4327.147531366613	4033.678341494282	690.6265719821912	0	0	0	0	13248474968407487e-21	17895026915813641e-22	0.03630818171400494	0.03547721058548348	0.005920988303505868
2.9	4.7671321747275135	4.7671321747275135	4.7671321747275135	45.59155063290185	50.84910145385457	21.146932212651777	4418.173227687459	4144.836587921703	707.9609975156121	0	0	0	0	1286330503305091e-20	17299338168361662e-22	0.03707195912133957	0.03632489593664053	0.006054809201107058
3	4.7671321747275135	4.7671321747275135	4.7671321747275135	45.591588770526954	50.88642055199813	21.15193744867352	4491.896520232154	4235.597241150951	722.0403636326516	0	0	0	0	1256737883989728e-20	16845320060278775e-22	0.0376905557101686	0.0370117910003803	0.006163164682355238
3.1	4.7671321747275135	4.7671321747275135	4.7671321747275135	45.59160227231724	50.915332997138265	21.155798540897333	4551.587173758591	4309.64876955914	733.4706193922237	0	0	0	0	1233725684132586e-20	1649401483539383e-21	0.03819140738651088	0.03756818945654131	0.0062508734341091
3.2	4.7671321747275135	4.7671321747275135	4.7671321747275135	45.591606988458835	50.93792264498121	21.158808129895736	4599.918638443078	4370.049630103447	742.7496277075422	0	0	0	0	12156960978759692e-21	16219682896052624e-22	0.03859694650657569	0.038018888665109864	0.006321873675272212
3.3	4.7671321747275135	4.7671321747275135	4.7671321747275135	45.5916089542232	50.955774040361476	21.161184585280704	4639.0630854443425	4419.313636481529	750.2834984767172	0	0	0	0	12014161631180684e-21	16002702344256764e-22	0.038925399300134535	0.038384054465538164	0.006379364207878891
3.4	4.7671321747275135	4.7671321747275135	4.7671321747275135	45.591609580629715	50.969893061472206	21.163063051710395	4670.750929717462	4459.468993616	756.3971747080698	0	0	0	0	11900984234697727e-21	15830943084046256e-22	0.03919128531387722	0.03867976542197566	0.006425892196473076
3.5	4.7671321747275135	4.7671321747275135	4.7671321747275135	45.591609914960884	50.98118128185529	21.1645655863834	4696.415535718944	4492.207836014675	761.3604653588152	0	0	0	0	11810323499716656e-21	15693294568057226e-22	0.039406631606455966	0.03891934676241261	0.00646356723222179
3.6	4.7671321747275135	4.7671321747275135	4.7671321747275135	45.59161001863639	50.990177065587794	21.16576310353203	4717.198633313908	4518.893858981999	765.3891601975989	0	0	0	0	11737942302698106e-21	15583422688840116e-22	0.03958101819221167	0.03911341995766986	0.006494068950639756
3.7	4.767132174727513	4.767132174727513	4.767132174727513	45.59161007943935	50.99741089486977	21.166727065517406	4734.016419694497	4540.628234175114	768.6567800943621	0	0	0	0	11679626013609965e-21	15494772435951316e-22	0.03972213268842557	0.0392705122408772	0.006518745102390479
3.8	4.7671321747275135	4.7671321747275135	4.7671321747275135	45.59161011024896	51.00322004547197	21.167501639647416	4747.653032824471	4558.361287493766	771.3122730406006	0	0	0	0	11632714937686224e-21	15423413850185197e-22	0.039836554631263274	0.03939792483434431	0.006538748751624539
3.9	4.7671321747275135	4.7671321747275135	4.7671321747275135	45.591610113962574	51.00788194966661	21.16812380164208	4758.675475005708	4572.787148003746	773.4637116159616	0	0	0	0	11594997441767003e-21	15365971605498236e-22	0.039929041617377266	0.03950094066387719	0.006554913487388536
4	4.7671321747275135	4.7671321747275135	4.7671321747275135	45.5916101321683	51.01167071463737	21.168630288177223	4767.6134855276805	4584.555371596155	775.2121203693766	0	0	0	0	11564286667700633e-21	1531907667250514e-21	0.040004038577347474	0.039584495934652075	0.006568018095059688
4.1	4.7671321747275135	4.7671321747275135	4.7671321747275135	45.59161013084849	51.014702686828656	21.16903572660019	4774.851644397206	4594.144463396945	776.6312249475345	0	0	0	0	11539670720411239e-21	15281484964858253e-22	0.04006477244084746	0.03965217674930847	0.00657862759330928
4.2	4.7671321747275135	4.7671321747275135	4.7671321747275135	45.591610131786894	51.017157089692546	21.169364502368808	4780.699909473563	4601.940619585162	777.7804631775587	0	0	0	0	11519703245370365e-21	15250909215988157e-22	0.04011384399885886	0.039706874180548815	0.006587197481073425
4.3	4.7671321747275135	4.7671321747275135	4.7671321747275135	45.591610138410445	51.01915893282778	21.169633130994473	4785.448766904107	4608.307563584411	778.7156412567905	0	0	0	0	11503388016019171e-21	15225855634054817e-22	0.040153690659337736	0.039751298040887534	0.006594154503248769
4.4	4.7671321747275135	4.7671321747275135	4.7671321747275135	45.591610132035626	51.02074862835776	21.169846344014186	4789.292217451527	4613.492363637401	779.4742588486288	0	0	0	0	11490414844451427e-21	15205961773683557e-22	0.04018594024174079	0.039787259423079764	0.006599783437979842
4.5	4.7671321747275135	4.7671321747275135	4.7671321747275135	45.59161013063703	51.02204367795355	21.170020470461644	4792.395144183164	4617.703926598943	780.0881175567947	0	0	0	0	11479821649916504e-21	15189651802372295e-22	0.040211976245089154	0.03981629784033651	0.0066043265021768415
4.6	4.7671321747275135	4.7671321747275135	4.7671321747275135	45.59161013633349	51.02311384244526	21.170164786114512	4794.915669676533	4621.143892392044	780.587791472395	0	0	0	0	11471049817039629e-21	15176078598249924e-22	0.04023312544255986	0.039839889726441695	0.006608015850123182
4.7	4.767132174727514	4.767132174727514	4.767132174727514	45.59161012209992	51.02392712671868	21.170273842234753	4796.958871585729	4623.949836728593	780.9938026143221	0	0	0	0	11464388689707686e-21	1516587992904291e-21	0.040250269518571365	0.03985901678760801	0.006611005472244066
4.8	4.7671321747275135	4.7671321747275135	4.7671321747275135	45.59161011027911	51.02458320434567	21.170361967470985	4798.606650989525	4626.226765089702	781.32200792486	0	0	0	0	11459002893262627e-21	15157612819659657e-22	0.04026409568779216	0.03987444467201791	0.006613415716757952
4.9	4.7671321747275135	4.7671321747275135	4.7671321747275135	45.591610124131925	51.02518397499119	21.170443814986907	4799.940784537956	4628.079448616487	781.5882359452278	0	0	0	0	11454038996334339e-21	15149801923714134e-22	0.040275290120835514	0.039886937840376245	0.00661536675478512
5	4.7671321747275135	4.7671321747275135	4.7671321747275135	45.591610099986575	51.025566981227406	21.170494563189628	4801.026770282063	4629.598062826468	781.8055407740721	0	0	0	0	11450912342114309e-21	1514511955938966e-21	0.04028440239802365	0.03989710772365206	0.006616954078966611
5.1	4.7671321747275135	4.7671321747275135	4.7671321747275135	45.59161004634048	51.02577514150969	21.17052043411494	4801.904305157485	4630.8348035116	781.9816788453749	0	0	0	0	11449254755059326e-21	1514292599899148e-21	0.040291765607964825	0.03990532595659075	0.006618235967321087
5.2	4.7671321747275135	4.7671321747275135	4.7671321747275135	45.59161002728867	51.026016116784234	21.17055236527782	4802.6114216379865	4631.835814205336	782.1238464038591	0	0	0	0	11447277770964427e-21	15139969192661894e-22	0.040297698873120014	0.03991194937200085	0.006619268758122915
5.3	4.767132174727513	4.767132174727513	4.767132174727513	45.59161008043758	51.02641747190236	21.170609227731422	4803.185555717221	4632.648305337382	782.2392362476849	0	0	0	0	11443890498832602e-21	15134283684683412e-22	0.040302516311011435	0.0399173286798471	0.006620107660471931
5.4	4.767132174727513	4.767132174727513	4.767132174727513	45.59161003244135	51.0264672138467	21.17061368048232	4803.6522980604805	4633.318720927234	782.3336292248503	0	0	0	0	11443559482530883e-21	1513413921942491e-21	0.040306432647510715	0.03992169976202718	0.006620788503452231
5.5	4.7671321747275135	4.7671321747275135	4.7671321747275135	45.591609954582665	51.02638981397407	21.17059959554096	4804.029058009689	4633.865778702404	782.4101665927072	0	0	0	0	11444312926259384e-21	15135902097700935e-22	0.04030959396073165	0.039925227570244956	0.006621337501718635
5.6	4.7671321747275135	4.7671321747275135	4.7671321747275135	45.591609990556755	51.02662837369265	21.1706338085097	4804.333478758757	4634.303456212188	782.4717264703905	0	0	0	0	11442272459092166e-21	15132419235939155e-22	0.04031214829099081	0.03992808078823	0.006621781911868005
5.7	4.7671321747275135	4.7671321747275135	4.7671321747275135	45.591610068638815	51.02696953575887	21.17068381175893	4804.5810300667545	4634.657885578356	782.5216851042776	0	0	0	0	11439331930478975e-21	15127221734262592e-22	0.04031422544177169	0.039930402002002284	0.006622143630226361
5.8	4.7671321747275135	4.7671321747275135	4.7671321747275135	45.59161005704309	51.0270175308088	21.170689727056107	4804.781251259986	4634.951435453062	782.5625061745264	0	0	0	0	11438962326202472e-21	1512673853861923e-21	0.04031590545554843	0.03993227730942922	0.006622435306176152
5.9	4.7671321747275135	4.7671321747275135	4.7671321747275135	45.591610087529894	51.0271799669197	21.17071338376121	4804.943211026515	4635.187402415654	782.5954261081339	0	0	0	0	11437555695678753e-21	15124283697609037e-22	0.040317264425769	0.039933795789103596	0.006622671588299331
6	4.7671321747275135	4.7671321747275135	4.7671321747275135	45.59161011658974	51.02732478278587	21.170734541836634	4805.074641523368	4635.379635580413	782.6221808897334	0	0	0	0	11436301370672474e-21	1512208283886935e-21	0.04031836723133077	0.03993502807804357	0.006622863292276125
6.1	4.7671321747275135	4.7671321747275135	4.7671321747275135	45.59161011835544	51.02737516020453	21.17074151449936	4805.180884848319	4635.537451231992	782.6439528447545	0	0	0	0	11435879083068378e-21	15121401822822593e-22	0.040319258696648985	0.039936023461914064	0.0066230179591067655
6.2	4.7671321747275135	4.7671321747275135	4.7671321747275135	45.59161013313863	51.02745775557807	21.17075356648487	4805.266998405089	4635.665108188042	782.661579413631	0	0	0	0	11435159321285092e-21	15120144514175103e-22	0.04031998125733116	0.039936830805550556	0.0066231434216565774
6.3	4.7671321747275135	4.7671321747275135	4.7671321747275135	45.59161012953694	51.02747603012884	21.170755884659915	4805.336795777632	4635.770260547974	782.675967518047	0	0	0	0	11435015388872984e-21	15119945379154068e-22	0.04032056691235337	0.039937484441176736	0.006623244885947325
6.4	4.7671321747275135	4.7671321747275135	4.7671321747275135	45.59161012533784	51.027487005054304	21.17075719528675	4805.393152495093	4635.855735269411	782.687617468885	0	0	0	0	11434931084215457e-21	15119842672527592e-22	0.04032103978967418	0.03993801215862249	0.006623326761571792
6.5	4.7671321747275135	4.7671321747275135	4.7671321747275135	45.591610133164714	51.027531052548014	21.17076364432008	4805.438871991888	4635.924640033205	782.6970391775353	0	0	0	0	114345449405894e-19	15119165741352363e-22	0.04032142341232131	0.03993844073509657	0.006623393283563834
6.6	4.7671321747275135	4.7671321747275135	4.7671321747275135	45.59161011176885	51.02747875160303	21.170755308229158	4805.47598296327	4635.982886021876	782.70483002458	0	0	0	0	11435039122596154e-21	15120130200401077e-22	0.040321734802650624	0.039938787038278724	0.006623446906886048
6.7	4.7671321747275135	4.7671321747275135	4.7671321747275135	45.591610087369475	51.027414102125135	21.170745135303356	4805.505916962842	4636.030644750743	782.7111611273194	0	0	0	0	11435641998137296e-21	1512129004653806e-21	0.040321985972524885	0.03993906597952913	0.00662349005143551
6.8	4.7671321747275135	4.7671321747275135	4.7671321747275135	45.59161009680286	51.02745464927916	21.170751235321347	4805.530091328625	4636.067297916183	782.7161526399395	0	0	0	0	11435275525743042e-21	15120625457897677e-22	0.04032218881452651	0.039939292893365855	0.0066235252468079
6.9	4.7671321747275135	4.7671321747275135	4.7671321747275135	45.591610094887486	51.02745556504252	21.170751152066988	4805.5497829705255	4636.098039706359	782.7202740914777	0	0	0	0	1143528659594671e-20	1512067172399235e-21	0.04032235404293714	0.03993947679630073	0.006623553750363964
7	4.7671321747275135	4.7671321747275135	4.7671321747275135	45.5916100200085	51.027220803400624	21.170714611450293	4805.5657320457185	4636.128467626106	782.7239593054501	0	0	0	0	1143748110570405e-20	15124818981685165e-22	0.04032248786826124	0.039939621026068496	0.006623575851709591
7.1	4.7671321747275135	4.7671321747275135	4.7671321747275135	45.591609968623885	51.02706095838114	21.17068974429745	4805.578584988081	4636.152431385405	782.726893027372	0	0	0	0	11438972140633096e-21	15127636878648075e-22	0.04032259571458817	0.039939737935721746	0.006623593781748062
7.2	4.7671321747275135	4.7671321747275135	4.7671321747275135	45.59161003525617	51.02728029691246	21.17072369472917	4805.58898834093	4636.163925747801	782.7287692066091	0	0	0	0	11436932513076137e-21	1512380784675076e-21	0.0403226830069256	0.039939839730107396	0.006623609743738603
7.3	4.7671321747275135	4.7671321747275135	4.7671321747275135	45.5916100558779	51.02734787595876	21.170733963520764	4805.597454513203	4636.175886818748	782.7304613939812	0	0	0	0	11436329334615218e-21	15122691239335286e-22	0.04032275404479085	0.03993991971663896	0.006623622223763295
7.4	4.7671321747275135	4.7671321747275135	4.7671321747275135	45.59161000882119	51.0271962194799	21.170710217673467	4805.604297980808	4636.190340679382	782.7321309343855	0	0	0	0	11437770816707354e-21	15125422943540416e-22	0.040322811466884524	0.039939979908590204	0.006623631429630503
7.5	4.7671321747275135	4.7671321747275135	4.7671321747275135	45.591610044475196	51.02731487683565	21.17072866365124	4805.609829158247	4636.196543790238	782.7331326823138	0	0	0	0	11436655474252789e-21	15123323550865325e-22	0.040322857877826745	0.03994003430799568	0.0066236399309380686
7.6	4.7671321747275135	4.7671321747275135	4.7671321747275135	45.591610044475196	51.02731487683565	21.17072866365124	4805.609829158247	4636.196543790238	782.7331326823138	0	0	0	0	11436655474252789e-21	15123323550865325e-22	0.040322857877826745	0.03994003430799568	0.0066236399309380686
7.7	4.7671321747275135	4.7671321747275135	4.7671321747275135	45.591610105987236	51.027517000413646	21.170760097020857	4805.614319067276	4636.19919154366	782.7337947152637	0	0	0	0	1143475734869736e-20	15119747427850278e-22	0.0403228955517061	0.03994008081306169	0.006623647283199054
7.8	4.7671321747275135	4.7671321747275135	4.7671321747275135	45.591610119394815	51.02756177595918	21.170767016419468	4805.61795138668	4636.204085302497	782.7345043998342	0	0	0	0	11434341795005612e-21	1511896873322483e-21	0.040322926029732635	0.03994011564524768	0.006623652707607313
7.9	4.7671321747275135	4.7671321747275135	4.7671321747275135	45.591610135101355	51.02761445361166	21.170775213163033	4805.620895421878	4636.207700987974	782.7350569254847	0	0	0	0	1143384515632783e-20	15118033615983901e-22	0.040322950732510195	0.039940144373077205	0.006623657182096992
8	4.7671321747275135	4.7671321747275135	4.7671321747275135	45.59161013473954	51.027613935077255	21.170775093991903	4805.623279967934	4636.211639178463	782.7355685254602	0	0	0	0	11433854388866746e-21	15118054718130433e-22	0.040322970740730636	0.0399401665282208	0.006623660608046483
8.1	4.7671321747275135	4.7671321747275135	4.7671321747275135	45.591610135625416	51.027617639053084	21.170775656374403	4805.6252066996	4636.214743735544	782.7359767442906	0	0	0	0	1143382044518666e-20	15117992566078585e-22	0.040322986907528405	0.03994018457769913	0.006623663396651887
8.2	4.7671321747275135	4.7671321747275135	4.7671321747275135	45.59161013600663	51.027619222069895	21.17077587274049	4805.626771954082	4636.217311277817	782.7363113533588	0	0	0	0	11433809299571464e-21	15117974235770435e-22	0.04032300004124889	0.03994019913438441	0.006623665649567217
8.3	4.7671321747275135	4.7671321747275135	4.7671321747275135	45.59161011887448	51.02756202004816	21.170766843528508	4805.628039962327	4636.220741964419	782.736668734221	0	0	0	0	11434365894529035e-21	15119032810399442e-22	0.04032301068083754	0.03994020923307631	0.006623667194187089
8.4	4.7671321747275135	4.7671321747275135	4.7671321747275135	45.5916101073134	51.02752360159193	21.17076078404807	4805.629061923663	4636.223340255456	782.7369459715536	0	0	0	0	11434738817741082e-21	15119741856226628e-22	0.04032301925589847	0.03994021762131358	0.006623668476969911
8.5	4.767132174727513	4.767132174727513	4.767132174727513	45.591610122214234	51.02757406303228	21.17076872720068	4805.629888974399	4636.2235817086475	782.7370511452726	0	0	0	0	11434249983973491e-21	15118814485737057e-22	0.04032302619550712	0.03994022680594115	0.006623669906864557
8.6	4.7671321747275135	4.7671321747275135	4.7671321747275135	45.59161008089195	51.027432697711646	21.170746304130294	4805.630564169941	4636.227966557408	782.7374064414955	0	0	0	0	11435645735674267e-21	15121474191779598e-22	0.040323031860932175	0.039940228359782955	0.006623670154025752
8.7	4.7671321747275135	4.7671321747275135	4.7671321747275135	45.59160999698207	51.027146734160084	21.17070102940877	4805.631111209328	4636.235451372491	782.7379469446295	0	0	0	0	1143845567901511e-20	15126823364096525e-22	0.04032303645102601	0.03994022418057531	0.006623669500481492
8.8	4.7671321747275135	4.7671321747275135	4.7671321747275135	45.59160995436024	51.02700182621753	21.170678100570562	4805.631550953767	4636.239525677387	782.7382563090802	0	0	0	0	11439877178420984e-21	1512952870446068e-21	0.0403230401408296	0.03994022362950987	0.006623669405839607
8.9	4.767132174727514	4.767132174727514	4.767132174727514	45.59161003268149	51.0272692086117	21.1707204312476	4805.6319043113	4636.234009419443	782.7379394625796	0	0	0	0	11437249484781242e-21	15124527061174215e-22	0.04032304310577695	0.039940235596000295	0.006623671256937857
9	4.767132174727514	4.767132174727514	4.767132174727514	45.59161009174646	51.02746964560624	21.17075209906373	4805.632191984463	4636.229915877819	782.7377076659094	0	0	0	0	11435290747083617e-21	15120802460866492e-22	0.040323045519579784	0.03994024452419293	0.006623672658888835
9.1	4.7671321747275135	4.7671321747275135	4.7671321747275135	45.59161010036206	51.02749822971348	21.17075657448401	4805.63242559687	4636.229667804863	782.7377172996486	0	0	0	0	11435018238404122e-21	1512028674508583e-21	0.04032304747977146	0.03994024743114355	0.0066236731230157045
9.2	4.7671321747275135	4.7671321747275135	4.7671321747275135	45.59161012770303	51.02759217460463	21.1707714771944	4805.63261441239	4636.2278459981135	782.7376201118485	0	0	0	0	11434089777613315e-21	1511851780649608e-21	0.04032304906408431	0.039940252354104415	0.006623673873915235
9.3	4.7671321747275135	4.7671321747275135	4.7671321747275135	45.59161013378023	51.0276127641825	21.17077472483246	4805.632767729316	4636.2276439226935	782.7376236977	0	0	0	0	11433889459394969e-21	15118137251085079e-22	0.04032305035053664	0.03994025439965903	0.006623674193098408
9.4	4.7671321747275135	4.7671321747275135	4.7671321747275135	45.591610139368775	51.02763208082659	21.170777792364444	4805.632891731095	4636.22742056153	782.7376225567237	0	0	0	0	11433697897437347e-21	15117772142369177e-22	0.040323051391009945	0.03994025621697426	0.006623674469992505
9.5	4.767132174727513	4.767132174727513	4.767132174727513	45.591610144196274	51.02764878744358	21.170780446747678	4805.632992301651	4636.227216441937	782.7376201317823	0	0	0	0	1143353201214453e-20	1511745588722307e-21	0.04032305223487636	0.0399402577309921	0.0066236747001776845
9.6	4.7671321747275135	4.7671321747275135	4.7671321747275135	45.59161014489865	51.02765118675125	21.17078082433388	4805.633073693239	4636.227306756894	782.7376346964684	0	0	0	0	11433508782345363e-21	15117411834018513e-22	0.04032305291781655	0.03994025855533303	0.006623674827613349
9.7	4.7671321747275135	4.7671321747275135	4.7671321747275135	45.591610147127696	51.02765900458927	21.170782071152843	4805.633139621878	4636.227245911959	782.7376377669656	0	0	0	0	11433430296383528e-21	15117261955707004e-22	0.0403230534710103	0.03994025945776244	0.006623674963470399
9.8	4.7671321747275135	4.7671321747275135	4.7671321747275135	45.5916101476249	51.02766073762785	21.170782345854	4805.633193041165	4636.227302495756	782.737647130695	0	0	0	0	114334131759037e-19	15117229371671534e-22	0.04032305391924062	0.03994026001061572	0.006623675048302009
9.9	4.7671321747275135	4.7671321747275135	4.7671321747275135	45.59161014807947	51.02766235180049	21.170782603392972	4805.6332362509875	4636.227343788335	782.7376543985526	0	0	0	0	1143339692714649e-20	15117198352440348e-22	0.04032305428180418	0.03994026047161602	0.006623675118446167
10	4.767132174727514	4.767132174727514	4.767132174727514	45.59161014847402	51.02766375386397	21.17078282721663	4805.633271298068	4636.2273754567905	782.7376601722492	0	0	0	0	11433382794434504e-21	15117171364351763e-22	0.04032305457587601	0.03994026084927777	0.006623675175833115
10.1	4.7671321747275135	4.7671321747275135	4.7671321747275135	45.59161014853128	51.02766396290258	21.170782860174878	4805.633299638907	4636.227422506983	782.7376662346006	0	0	0	0	11433380745368919e-21	15117167484956685e-22	0.04032305481367757	0.039940261117802946	0.006623675217078321
10.2	4.7671321747275135	4.7671321747275135	4.7671321747275135	45.591610148712995	51.027664619743845	21.17078296537575	4805.633322607164	4636.227449672961	782.7376704288133	0	0	0	0	11433374054887439e-21	15117154693781453e-22	0.04032305500639854	0.03994026135658049	0.006623675253318187
10.3	4.7671321747275135	4.7671321747275135	4.7671321747275135	45.591610148753674	51.02766477063919	21.17078298933685	4805.633341208215	4636.227480568492	782.7376744054898	0	0	0	0	1143337254627044e-20	15117151825742122e-22	0.04032305516247588	0.03994026153368701	0.006623675280460108
10.4	4.7671321747275135	4.7671321747275135	4.7671321747275135	45.59161014860018	51.02766421585576	21.170782899478255	4805.633356261386	4636.227521214135	782.7376786489697	0	0	0	0	1143337836123963e-20	1511716300766785e-21	0.040323055288784354	0.03994026164615945	0.0066236752983808685
10.5	4.7671321747275135	4.7671321747275135	4.7671321747275135	45.59161013856155	51.02762765405298	21.17077699303556	4805.633368802856	4636.228382168288	782.7377364886413	0	0	0	0	11433759420556529e-21	1511789454481409e-21	0.040323055394017406	0.039940260077052696	0.006623675097081226
10.6	4.7671321747275135	4.7671321747275135	4.7671321747275135	45.59161011701712	51.02754918602455	21.170764317207723	4805.633379297539	4636.230199408908	782.7378568996986	0	0	0	0	11434577170300227e-21	15119464387683414e-22	0.04032305548207565	0.03994025655970906	0.00662367464194312
10.7	4.7671321747275135	4.7671321747275135	4.7671321747275135	45.59161008936356	51.027448471650914	21.170748048000455	4805.633387922423	4636.232522867544	782.7380103491308	0	0	0	0	1143562669943336e-20	1512147916208183e-21	0.04032305555444442	0.03994025200185402	0.006623674051009721
10.8	4.767132174727513	4.767132174727513	4.767132174727513	45.59161006099751	51.02734517081248	21.170731361419467	4805.633394854499	4636.234902475737	782.7381673039271	0	0	0	0	11436703096918558e-21	1512354549381532e-21	0.04032305561260899	0.03994024731121307	0.006623673442324203
10.9	4.7671321747275135	4.7671321747275135	4.7671321747275135	45.59161003731564	51.027258943389704	21.170717433470475	4805.633400270758	4636.236888165038	782.7382982310771	0	0	0	0	1143760145171846e-20	15125270008689896e-22	0.040323055658054684	0.039940243395511686	0.006623672933929736
11	4.7671321747275135	4.7671321747275135	4.7671321747275135	45.591610023714594	51.027209449263005	21.170709440159193	4805.6334043481875	4636.2380298669905	782.7383735975696	0	0	0	0	11438116852795694e-21	15126259332511536e-22	0.040323055692266796	0.03994024116247535	0.006623672643869491
11.1	4.7671321747275135	4.7671321747275135	4.7671321747275135	45.59161002559104	51.02721634831281	21.170710557491333	4805.633407263779	4636.237877513138	782.7383638703946	0	0	0	0	11438044389112896e-21	15126120091086252e-22	0.040323055716730616	0.039940241519829514	0.006623672690186641
11.2	4.7671321747275135	4.7671321747275135	4.7671321747275135	45.591610048341614	51.02729930041956	21.170723961472603	4805.633409194521	4636.23598103503	782.7382395165406	0	0	0	0	11437179149632699e-21	15124458910220028e-22	0.04032305573293146	0.03994024537529968	0.006623673190924353
11.3	4.7671321747275135	4.7671321747275135	4.7671321747275135	45.59161009683411	51.0274760329063	21.170752515641645	4805.633410327647	4636.23193465505	782.7379739147277	0	0	0	0	11435336419292514e-21	15120921198949547e-22	0.04032305574244058	0.03994025354641788	0.006623674252475595
11.4	4.767132174727514	4.767132174727514	4.767132174727514	45.59161012642488	51.0275834876366	21.170769859100368	4805.633411711392	4636.229475716672	782.7378127505098	0	0	0	0	11434219559049673e-21	15118777846771179e-22	0.040323055754052844	0.03994025843998714	0.0066236748931877
11.5	4.7671321747275135	4.7671321747275135	4.7671321747275135	45.59161013341062	51.02760863827363	21.170773908520566	4805.6334132821785	4636.228902555276	782.7377754080267	0	0	0	0	11433960123173185e-21	1511828043338999e-21	0.04032305576723342	0.0399402595515913	0.006623675041719643
11.6	4.7671321747275135	4.7671321747275135	4.7671321747275135	45.59161014264492	51.02764244202058	21.170779376778963	4805.633414460258	4636.228130438861	782.7377247642058	0	0	0	0	11433606309871493e-21	15117600872451657e-22	0.04032305577711826	0.03994026115426956	0.006623675248294682
11.7	4.7671321747275135	4.7671321747275135	4.7671321747275135	45.59161014491122	51.02765065569284	21.17078070174063	4805.6334155524855	4636.227944377742	782.7377126792809	0	0	0	0	1143352109278393e-20	15117437366361585e-22	0.040323055786284104	0.03994026153383072	0.0066236752984069275
11.8	4.7671321747275135	4.7671321747275135	4.7671321747275135	45.591610147003465	51.027658352385465	21.17078194845267	4805.6334164300215	4636.227769756521	782.7377012736074	0	0	0	0	1143344019276475e-20	15117281910546664e-22	0.0403230557936477	0.039940261912119954	0.00662367534684484
11.9	4.7671321747275135	4.7671321747275135	4.7671321747275135	45.59161014788284	51.02766157539421	21.17078246998316	4805.633417162781	4636.22769734411	782.7376965871077	0	0	0	0	1143340642661498e-20	1511721704807501e-21	0.040323055799795275	0.03994026207132702	0.006623675367462611
12	4.7671321747275135	4.7671321747275135	4.7671321747275135	45.591610148277454	51.027663028642934	21.170782705435556	4805.633417763938	4636.227665223322	782.7376945341241	0	0	0	0	11433391139287399e-21	15117187670381625e-22	0.04032305580483837	0.03994026214700382	0.006623675377237074
12.1	4.767132174727514	4.767132174727514	4.767132174727514	45.59161014860516	51.02766424209013	21.17078290233199	4805.633418251183	4636.227638378641	782.7376928139797	0	0	0	0	11433378314263035e-21	15117163012645985e-22	0.04032305580892793	0.03994026221143906	0.0066236753854732764
12.2	4.7671321747275135	4.7671321747275135	4.7671321747275135	45.59161014868263	51.02766452666011	21.170782948397175	4805.633418650203	4636.227632643366	782.7376924779682	0	0	0	0	11433375329184304e-21	1511715727873298e-21	0.04032305581227751	0.03994026222863163	0.006623675387766286
12.3	4.7671321747275135	4.7671321747275135	4.7671321747275135	45.59161014878506	51.027664909062864	21.170783010579054	4805.633418972601	4636.227624519522	782.7376919742142	0	0	0	0	11433371259623856e-21	15117149448113776e-22	0.040323055814981426	0.039940262251108555	0.006623675390643104
12.4	4.7671321747275135	4.7671321747275135	4.7671321747275135	45.59161014881015	51.0276650018967	21.170783025632865	4805.6334192350505	4636.227622913063	782.7376918954363	0	0	0	0	11433370280508026e-21	15117147565489633e-22	0.04032305581718174	0.03994026225803752	0.006623675391584081
12.5	4.7671321747275135	4.7671321747275135	4.7671321747275135	45.59161014883338	51.02766508912314	21.170783039833804	4805.633419447484	4636.227621337902	782.7376918130146	0	0	0	0	11433369348262646e-21	15117145771095335e-22	0.04032305581896394	0.03994026226451425	0.006623675392439927
12.6	4.7671321747275135	4.7671321747275135	4.7671321747275135	45.59161014884312	51.027665125581045	21.170783045762953	4805.633419619844	4636.227620847492	782.7376917983137	0	0	0	0	1143336895996797e-20	1511714502374249e-21	0.04032305582041073	0.03994026226794629	0.0066236753929118045
12.7	4.7671321747275135	4.7671321747275135	4.7671321747275135	45.591610148766364	51.02766483057111	21.17078299742629	4805.633419761468	4636.227627889839	782.7376922817709	0	0	0	0	11433372179580033e-21	15117151225869037e-22	0.04032305582159868	0.03994026225231759	0.006623675391115534
12.8	4.767132174727514	4.767132174727514	4.767132174727514	45.59161014091314	51.02763467577442	21.17077805830752	4805.633420078654	4636.228319281052	782.7377383478375	0	0	0	0	11433700924020082e-21	1511778445832037e-21	0.04032305582425919	0.03994026053463673	0.006623675188362039
12.9	4.7671321747275135	4.7671321747275135	4.7671321747275135	45.59161012226108	51.027563057115685	21.170766327796624	4805.633420653152	4636.229960998587	782.737847713549	0	0	0	0	11434481689537354e-21	15119288378133786e-22	0.040323055829079045	0.03994025645377854	0.006623674706588607
13	4.7671321747275135	4.7671321747275135	4.7671321747275135	45.59161009570398	51.02746108737628	21.170749626128433	4805.633421412258	4636.232298336937	782.7380034124018	0	0	0	0	11435593314951531e-21	15121429600875297e-22	0.04032305583544817	0.039940250643397936	0.006623674020593716
13.1	4.7671321747275135	4.7671321747275135	4.7671321747275135	45.59161006413563	51.02733987933754	21.170729773537783	4805.6334222832675	4636.235076590593	782.7381884778933	0	0	0	0	11436914639082293e-21	151239747421109e-20	0.04032305584275645	0.039940243737149814	0.006623673205175847
13.2	4.7671321747275135	4.7671321747275135	4.7671321747275135	45.59161003044982	51.027210545780854	21.170708590259512	4805.633423193476	4636.238041054048	782.7383859435203	0	0	0	0	11438324500749328e-21	15126690417406608e-22	0.0403230558503938	0.0399402363686891	0.006623672335133479
13.3	4.767132174727513	4.767132174727513	4.767132174727513	45.59160999754033	51.02708419948755	21.170687896528445	4805.63342407018	4636.240937021794	782.7385788427792	0	0	0	0	1143970173877231e-20	1512934324232842e-21	0.04032305585775012	0.03994022917167072	0.006623671485265089
13.4	4.7671321747275135	4.7671321747275135	4.7671321747275135	45.59160996830096	51.02697195323899	21.170669512579426	4805.633424840674	4636.243509788323	782.7387502091674	0	0	0	0	11440925191970921e-21	15131699832442348e-22	0.04032305586421531	0.039940222779749575	0.006623670730369159
13.5	4.7671321747275135	4.7671321747275135	4.7671321747275135	45.59160994562549	51.02688491981655	21.170655258647283	4805.633425432255	4636.245504648126	782.7388830761814	0	0	0	0	1144187369916485e-20	15133526803314394e-22	0.04032305586917927	0.03994021782658057	0.006623670145244166
13.6	4.7671321747275135	4.7671321747275135	4.7671321747275135	45.59160993240772	51.02683421200157	21.170646954966852	4805.633425772217	4636.246666895699	782.7389604773182	0	0	0	0	11442426099173769e-21	15134590770510563e-22	0.0403230558720319	0.03994021494581863	0.006623669804688591
13.7	4.7671321747275135	4.7671321747275135	4.7671321747275135	45.59160993154142	51.0268309425754	21.170646421772965	4805.633425787858	4636.246741825531	782.7389654460748	0	0	0	0	11442461230817367e-21	1513465834959686e-21	0.04032305587216311	0.039940214771118684	0.006623669783500913
13.8	4.7671321747275135	4.7671321747275135	4.7671321747275135	45.591609945920396	51.02688622431941	21.17065547930046	4805.633425406471	4636.245474732115	782.7388810159478	0	0	0	0	11441857932915319e-21	1513349615613929e-21	0.0403230558689628	0.03994021793613563	0.0066236701564796096
13.9	4.7671321747275135	4.7671321747275135	4.7671321747275135	45.59160997843843	51.02701117001497	21.17067594778417	4805.633424555355	4636.242610909943	782.738690220434	0	0	0	0	1144049504428731e-20	15130870805703862e-22	0.04032305586182088	0.03994022507452437	0.006623670998423162
14	4.7671321747275135	4.7671321747275135	4.7671321747275135	45.59161003198929	51.02721689244341	21.170709647458924	4805.633423161804	4636.237895653508	782.7383760930306	0	0	0	0	11438251403753021e-21	15126548913856578e-22	0.040323055850127236	0.039940236819939835	0.006623672384130049
14.1	4.7671321747275135	4.7671321747275135	4.7671321747275135	45.591610100258606	51.02747905082091	21.17075258767499	4805.633421395149	4636.231886873323	782.7379758333434	0	0	0	0	11435393225429296e-21	1512104341588327e-21	0.040323055835303004	0.03994025176555311	0.006623674148446181
14.2	4.7671321747275135	4.7671321747275135	4.7671321747275135	45.59161012673273	51.02758025922275	21.170769146783513	4805.633420737667	4636.229567177012	782.7378214872962	0	0	0	0	11434293891381962e-21	15118926567498212e-22	0.040323055829787166	0.03994025744201788	0.0066236748230347085
14.3	4.767132174727513	4.767132174727513	4.767132174727513	45.59161013842728	51.02762509673349	21.17077648803951	4805.633420465037	4636.228539535591	782.7377530638731	0	0	0	0	11433805673023207e-21	15117986269501257e-22	0.04032305582749975	0.039940259984226234	0.006623675123829726
14.4	4.7671321747275135	4.7671321747275135	4.7671321747275135	45.59161014440602	51.02764805048603	21.170780247517797	4805.633420337381	4636.228013475014	782.7377180266277	0	0	0	0	1143355546081271e-20	15117504316291644e-22	0.040323055826427735	0.03994026129213179	0.006623675278279549
14.5	4.7671321747275135	4.7671321747275135	4.7671321747275135	45.591610146610535	51.02765651506325	21.17078163391598	4805.633420304297	4636.227819507041	782.7377051089427	0	0	0	0	11433463180313464e-21	15117326567881893e-22	0.04032305582615062	0.03994026177481293	0.006623675335272262
14.6	4.7671321747275135	4.7671321747275135	4.7671321747275135	45.59161014795085	51.0276616823505	21.170782481097138	4805.633420289389	4636.227701107192	782.737697216515	0	0	0	0	1143340665784595e-20	15117217663447247e-22	0.040323055826026036	0.03994026207384108	0.006623675370375014
14.7	4.7671321747275135	4.7671321747275135	4.7671321747275135	45.59161014837076	51.02766329672998	21.170782745595666	4805.63342029504	4636.227664135368	782.7376947547606	0	0	0	0	11433389039107804e-21	15117183723753447e-22	0.04032305582607332	0.039940262166437375	0.00662367538129214
14.8	4.7671321747275135	4.7671321747275135	4.7671321747275135	45.59161014866841	51.02766444894069	21.170782934686184	4805.633420300763	4636.22763775118	782.7376929952084	0	0	0	0	11433376393268565e-21	15117159350953176e-22	0.04032305582612255	0.039940262234170285	0.006623675389201097
14.9	4.7671321747275135	4.7671321747275135	4.7671321747275135	45.59161014875221	51.02766477171052	21.17078298759213	4805.633420309577	4636.227630373578	782.7376925045412	0	0	0	0	11433372865316709e-21	15117152553580974e-22	0.040323055826197884	0.03994026225287804	0.0066236753914036125
15	4.7671321747275135	4.7671321747275135	4.7671321747275135	45.59161014881728	51.027665024671165	21.17078302914788	4805.633420316793	4636.227624592274	782.7376921192031	0	0	0	0	11433370079157054e-21	1511714718231632e-21	0.040323055826258454	0.039940262268029936	0.006623675393164033
