0	4.7671321747275135	4.7671321747275135	4.7671321747275135	0	0	0	0	0	0	0	0	0	0	0	0	0	0	0
0.1	4.7671321747275135	4.7671321747275135	4.7671321747275135	0	0	0	0	0	0	0	0	0	0	0	0	0	0	0
0.2	4.7671321747275135	4.7671321747275135	4.7671321747275135	0	0	0	0	0	0	0	0	0	0	0	0	0	0	0
0.3	4.767132174727514	4.767132174727514	4.767132174727514	0	0	0	0	0	0	0	0	0	0	0	0	0	0	0
0.4	4.7671321747275135	4.7671321747275135	4.7671321747275135	0	0	0	0	0	0	0	0	0	0	0	0	0	0	0
0.5	4.7671321747275135	4.7671321747275135	4.7671321747275135	0	0	0	0	0	0	0	0	0	0	0	0	0	0	0
0.6	4.7671321747275135	4.7671321747275135	4.7671321747275135	0	0	0	0	0	0	0	0	0	0	0	0	0	0	0
0.7	4.7671321747275135	4.7671321747275135	4.7671321747275135	0	0	0	0	0	0	0	0	0	0	0	0	0	0	0
0.8	4.7671321747275135	4.7671321747275135	4.7671321747275135	0	0	0	0	0	0	0	0	0	0	0	0	0	0	0
0.9	4.767132174727514	4.767132174727514	4.767132174727514	0	0	0	0	0	0	0	0	0	0	0	0	0	0	0
1	4.7671321747275135	4.7671321747275135	4.7671321747275135	0	0	0	0	0	0	0	0	0	0	0	0	0	0	0
1.1	4.7671321747275135	4.7671321747275135	4.7671321747275135	0	0	0	0	0	0	0	0	0	0	0	0	0	0	0
1.2	4.7671321747275135	4.7671321747275135	4.7671321747275135	0	0	0	0	0	0	0	0	0	0	0	0	0	0	0
1.3	4.767132174727514	4.767132174727514	4.767132174727514	0	0	0	0	0	0	0	0	0	0	0	0	0	0	0
1.4	4.7671321747275135	4.7671321747275135	4.7671321747275135	0	0	0	0	0	0	0	0	0	0	0	0	0	0	0
1.5	4.7671321747275135	4.7671321747275135	4.7671321747275135	0	0	0	0	0	0	0	0	0	0	0	0	0	0	0
1.6	4.7671321747275135	4.7671321747275135	4.7671321747275135	0	0	0	0	0	0	0	0	0	0	0	0	0	0	0
1.7	4.7671321747275135	4.7671321747275135	4.7671321747275135	29.560100601332927	16.891537315831517	7.887100471096885	357.32820001444423	119.44065882036722	22.125060141402276	0	0	0	14.706517712107003	2.2647825029010265	0.9267579264972681	177.76439160101347	23.131960137193033	3.96121042959707
1.8	4.7671321747275135	4.7671321747275135	4.7671321747275135	39.954485013128426	33.68083385561283	15.46057948555761	1007.7986950603652	552.5459986389338	104.19584656796948	0	0	0	19.877853240364544	1.7368176756478317	0.6100705634079003	501.34752375784507	54.56011212085197	8.72268566551846
1.9	4.7671321747275135	4.7671321747275135	4.7671321747275135	43.609422782592034	42.39420881748141	18.77343269172923	1661.4921623999514	1116.6142421473326	206.88785494383424	0	0	0	21.696230240098103	1.0384276375195096	0.33409798798987017	826.5270207651427	67.55962295615474	10.253541455619978
2	4.7671321747275135	4.7671321747275135	4.7671321747275135	44.89458562591213	46.53833322155976	20.120106900266308	2235.4653462216475	1678.5198789109172	305.1865609271077	0	0	0	22.335614739261576	0.6241708088256889	0.1935778620091391	1112.0471558669628	68.58235869794775	10.081896802411459
2.1	4.7671321747275135	4.7671321747275135	4.7671321747275135	45.346507862748304	48.51364067152576	20.67175073288975	2715.93612292621	2183.3459912442163	390.9390839189523	0	0	0	22.560451673011862	0.40639573649362226	0.12600796894856567	1351.0540815549432	64.17011753181185	9.250911929523815
2.2	4.7671321747275135	4.7671321747275135	4.7671321747275135	45.50542976498772	49.49814777985169	20.907309644389517	3110.5157128115598	2616.3016163086136	462.93908177390676	0	0	0	22.639517296016827	0.29256322491707365	0.09269263568841833	1547.3347054650194	57.86443177353988	8.242804425204048
2.3	4.7671321747275135	4.7671321747275135	4.7671321747275135	45.561304782483816	50.023996132106795	21.015210409472736	3431.9660741548105	2979.3088597743636	522.3675014020806	0	0	0	22.667315812184192	0.23070680221163714	0.07524205648542379	1707.2376393484656	51.30739980612751	7.256873024149705
2.4	4.7671321747275135	4.7671321747275135	4.7671321747275135	45.5809531209063	50.32829411202619	21.069543042027117	3692.9417104214435	3280.1392871358726	571.0274060981017	0	0	0	22.677091104931872	0.19502234680603006	0.06536345490450637	1837.0578620938534	45.1878662720953	6.3664700901918385
2.5	4.7671321747275135	4.7671321747275135	4.7671321747275135	45.587862937718945	50.51860025754934	21.09996314412452	3904.50581798924	3527.873366828131	610.7141088559847	0	0	0	22.680528824738435	0.17303395251753972	0.05930824526735654	1942.2987053666498	39.75048757220132	5.591341744049058
2.6	4.7671321747275135	4.7671321747275135	4.7671321747275135	45.5902928809723	50.645726566756935	21.1187782673071	4075.9037008062946	3731.1496520501464	643.0175006132694	0	0	0	22.68173775172975	0.15862564335140944	0.055327279485912276	2027.5591823118798	35.041415532631994	4.929333695657227
2.7	4.7671321747275135	4.7671321747275135	4.7671321747275135	45.59114672247095	50.7350836212772	21.131384833958382	4214.721349070232	3897.5847156565746	669.2825864956685	0	0	0	22.682162548494162	0.14868702553797314	0.05256125583053053	2096.6128859976184	31.022368506800596	4.3700468050427395
2.8	4.7671321747275135	4.7671321747275135	4.7671321747275135	45.59144730902623	50.80028762925371	21.140334577343605	4327.139871329719	4033.6697971107974	690.625150313932	0	0	0	22.68231209404541	0.14155049534483533	0.05055895912055046	2152.53455979351	27.623007432741066	3.9006823518081593
2.9	4.7671321747275135	4.7671321747275135	4.7671321747275135	45.5915528594035	50.849146524340036	21.146940131375196	4418.173114732212	4144.835450566211	707.9609105634485	0	0	0	22.6823646066709	0.13627082398108328	0.0490667818782691	2197.818301445182	24.764684732393434	3.5085029679700295
3	4.7671321747275135	4.7671321747275135	4.7671321747275135	45.59158997670856	50.88646478788649	21.15194468002276	4491.88802722593	4235.586963623877	722.038742718932	0	0	0	22.68238307299295	0.13227716799118466	0.04793136224422403	2234.4871810967243	22.371064458856406	3.1818110880192294
3.1	4.7671321747275135	4.7671321747275135	4.7671321747275135	45.591603045797626	50.91536574651167	21.155803825539632	4551.579051804656	4309.638905010642	733.4690691962016	0	0	0	22.682389575027354	0.12920636129505	0.047054396601174546	2264.1799925054006	20.372487787397223	2.910274298127704
3.2	4.7671321747275135	4.7671321747275135	4.7671321747275135	45.59160764645608	50.9379775481703	21.15881651939973	4599.913880626216	4370.042986047562	742.7486683828041	0	0	0	22.682391863911093	0.12681613428946675	0.046369614988668935	2288.2237573134908	18.707446452215468	2.6849615359745647
3.3	4.7671321747275135	4.7671321747275135	4.7671321747275135	45.59160926722941	50.955805663460275	21.16118942501375	4639.053147491828	4419.301449265328	750.2815980233507	0	0	0	22.6823926702656	0.12493831648348971	0.04583050466589855	2307.6932651212164	17.322654546797164	2.498251206693816
3.4	4.7671321747275135	4.7671321747275135	4.7671321747275135	45.59160983864286	50.969945558379976	21.163070842354465	4670.746577286651	4459.462705901991	756.3962864409506	0	0	0	22.682392954551748	0.12345249459426194	0.045403415989020944	2323.4589022476544	16.17251058798868	2.343694101854232
3.5	4.7671321747275135	4.7671321747275135	4.7671321747275135	45.59161003939331	50.98121142496554	21.164570063559594	4696.410142619335	4492.200720228724	761.3594055550519	0	0	0	22.682393054427333	0.12227035595180318	0.04506344721004574	2336.2250326730896	15.2183318327613	2.2158678777791314
3.6	4.7671321747275135	4.7671321747275135	4.7671321747275135	45.59161010969744	50.990218949693634	21.165769300663445	4717.189698120096	4518.882302938212	765.38741810642	0	0	0	22.6823930894048	0.12132583136664744	0.04479182947573462	2346.5616524008597	14.42750018103384	2.1102331496914752
3.7	4.767132174727513	4.767132174727513	4.767132174727513	45.59161013470176	50.99744188968398	21.166731599189585	4734.016122154509	4540.627032938227	768.6566744699317	0	0	0	22.682393101844585	0.12056851475595205	0.04457415742502154	2354.9318192515484	13.772533678989806	2.022988168375065
3.8	4.7671321747275135	4.7671321747275135	4.7671321747275135	45.59161014384598	51.00324857887111	21.167505882912714	4747.643396166875	4558.348968188634	771.3104039280149	0	0	0	22.68239310639386	0.11995945311271676	0.04439925271846722	2361.710595120447	13.230405884269182	1.9509641967612956
3.9	4.7671321747275135	4.7671321747275135	4.7671321747275135	45.59161014697139	51.007922420548645	21.16812973124481	4758.6749329824315	4572.785430214802	773.4635463845192	0	0	0	22.682393107948272	0.11946885244100212	0.04425853031591193	2367.1981427761507	12.782076916083255	1.891553721940119
4	4.7671321747275135	4.7671321747275135	4.7671321747275135	45.59161014815229	51.01169204075064	21.16863343526105	4767.6103065704765	4584.5508482195655	775.2114775038954	0	0	0	22.682393108533294	0.11907276408137714	0.04414507316883965	2371.6429711991454	12.41136435679287	1.842548776948294
4.1	4.7671321747275135	4.7671321747275135	4.7671321747275135	45.59161014858173	51.014734960476694	21.169040528732317	4774.843970651007	4594.134202495038	776.6297108270229	0	0	0	22.682393108748975	0.11875261093506041	0.044053514808299866	2375.2412981621474	12.105089961379159	1.8021587679951898
4.2	4.7671321747275135	4.7671321747275135	4.7671321747275135	45.59161014873978	51.017193650953566	21.169369865906294	4780.702479726039	4601.942781023417	777.7808953013267	0	0	0	22.682393108830105	0.1184935633420963	0.04397955525685846	2378.1555655284087	11.852083922764907	1.7688708282501493
4.3	4.7671321747275135	4.7671321747275135	4.7671321747275135	45.59161014880595	51.01918206123708	21.169636570417115	4785.445238301124	4608.302485601824	778.7149244389734	0	0	0	22.68239310886284	0.11828370829116643	0.043919754215327636	2380.5148119449345	11.643228135922273	1.7414541672943384
4.4	4.7671321747275135	4.7671321747275135	4.7671321747275135	45.591610148831066	51.020791120192946	21.16985267552078	4789.287298874899	4613.485098138658	779.4732479210713	0	0	0	22.682393108876216	0.11811361109766702	0.04387137225835445	2382.4260135161353	11.470795061384505	1.71886873238453
4.5	4.7671321747275135	4.7671321747275135	4.7671321747275135	45.591610148841866	51.02209311074294	21.170027793338413	4792.395801412748	4617.703454755282	780.088166999632	0	0	0	22.68239310888079	0.11797570765408573	0.043832229072792384	2383.9723126490867	11.328612924288954	1.700286526877879
4.6	4.7671321747275135	4.7671321747275135	4.7671321747275135	45.59161014884802	51.023148743566836	21.170169970660922	4794.916156286249	4621.143539240863	780.5878279766713	0	0	0	22.682393108882295	0.1178636936456932	0.043800497296885774	2385.226042542606	11.211225926283712	1.6849771380850371
4.7	4.7671321747275135	4.7671321747275135	4.7671321747275135	45.59161014884915	51.024002449867375	21.170285119241445	4796.953785384715	4623.941478333911	780.992706393931	0	0	0	22.682393108882618	0.1177729277477426	0.0437748389363327	2386.2396444522997	11.11454466513497	1.6723952313094195
4.8	4.7671321747275135	4.7671321747275135	4.7671321747275135	45.591610148851736	51.024695688403284	21.17037876549358	4798.605903683374	4626.223080711827	781.3216988534249	0	0	0	22.682393108881868	0.11769906357582115	0.043754004758516506	2387.061477171433	11.034769250542563	1.6620345138244368
4.9	4.7671321747275135	4.7671321747275135	4.7671321747275135	45.59161014885188	51.02525690447641	21.17045468060505	4799.943438503462	4628.081036450575	781.5886412437935	0	0	0	22.68239310887529	0.1176391580427643	0.043737141097885346	2387.7268229151123	10.969032150729767	1.6535145336660964
5	4.7671321747275135	4.7671321747275135	4.7671321747275135	45.59161014885232	51.025711482443654	21.170516269593694	4801.024764449482	4629.591997421116	781.8049403430972	0	0	0	22.682393108877104	0.11759052314185539	0.04372348230088475	2388.264719652257	10.914936232883898	1.6465177249881429
5.1	4.7671321747275135	4.7671321747275135	4.7671321747275135	45.59161014885292	51.02608105039169	21.17056641287835	4801.902671020281	4630.825527940563	781.9809251496972	0	0	0	22.682393108881502	0.11755090272077343	0.043712378599690724	2388.7014270869063	10.87028707922892	1.6407538665439498
5.2	4.7671321747275135	4.7671321747275135	4.7671321747275135	45.59161014885255	51.026379866312126	21.170607011400257	4802.612513121636	4631.828771841107	782.1235435159763	0	0	0	22.682393108879484	0.11751880957455062	0.04370340218866744	2389.054532227543	10.833556713594017	1.636021799999905
5.3	4.7671321747275135	4.7671321747275135	4.7671321747275135	45.591610148852865	51.0266222587471	21.170640001641384	4803.18638832761	4632.644586523921	782.2391060739827	0	0	0	22.682393108880348	0.11749270786339724	0.04369612028857298	2389.340001749473	10.803352769800103	1.632138228508004
5.4	4.7671321747275135	4.7671321747275135	4.7671321747275135	45.591610148853	51.0268193991199	21.170666868564666	4803.652716541474	4633.31110359156	782.3332107190779	0	0	0	22.682393108880866	0.11747143988680363	0.04369019845064209	2389.5719729007938	10.778421984709686	1.6289385675739148
5.5	4.7671321747275135	4.7671321747275135	4.7671321747275135	45.59161014885234	51.02697851851737	21.17068857811684	4804.029751772597	4633.853130620755	782.4094701938756	0	0	0	22.682393108877964	0.11745425068795765	0.0436854201230739	2389.759525989042	10.757926105655764	1.6263132431839455
5.6	4.7671321747275135	4.7671321747275135	4.7671321747275135	45.59161014885234	51.027107623606	21.17070622714201	4804.334149246044	4634.293303682863	782.4711806673131	0	0	0	22.682393108878706	0.1174402613597864	0.04368154243182043	2389.9109460196373	10.741101038681338	1.6241622904655653
5.7	4.7671321747275135	4.7671321747275135	4.7671321747275135	45.59161014885265	51.02721298714564	21.1707206541601	4804.581611151995	4634.653037167305	782.5214539475855	0	0	0	22.682393108885464	0.11742881599542106	0.043678377467001546	2390.034043918509	10.727217762625703	1.6223905392887359
5.8	4.767132174727513	4.767132174727513	4.767132174727513	45.59161014885107	51.027297135748874	21.170732169995134	4804.782133287637	4634.946186172483	782.5622834438605	0	0	0	22.68239310889008	0.11741969354687318	0.04367585284174072	2390.1337920129686	10.715787560732172	1.620934649205541
5.9	4.7671321747275135	4.7671321747275135	4.7671321747275135	45.591610148849874	51.02736518110552	21.17074149834877	4804.943805961138	4635.183940333704	782.5952807135913	0	0	0	22.682393108891098	0.11741229768791915	0.04367381127891733	2390.2142147606082	10.706419476277075	1.6197437123821126
6	4.7671321747275135	4.7671321747275135	4.7671321747275135	45.59161014885135	51.027422210083806	21.17074935898851	4805.074715267621	4635.377482442558	782.6220564252783	0	0	0	22.682393108887897	0.11740603560597777	0.04367209629779144	2390.2793345232703	10.698722842644838	1.6187668594816602
6.1	4.7671321747275135	4.7671321747275135	4.7671321747275135	45.591610148849604	51.02746644545758	21.17075542555832	4805.181274924392	4635.535883890973	782.6439002452582	0	0	0	22.682393108895013	0.11740123179339843	0.04367077090448847	2390.332341751761	10.692362318032561	1.6179611623873416
6.2	4.7671321747275135	4.7671321747275135	4.7671321747275135	45.59161014884523	51.02750000876581	21.17075999670141	4805.26737881334	4635.66465753712	782.6615948818535	0	0	0	22.682393108908325	0.11739764234672889	0.04366977032910358	2390.3751734258663	10.6871359351413	1.6173005561515195
6.3	4.767132174727513	4.767132174727513	4.767132174727513	45.5916101488441	51.027528965627546	21.170763981783516	4805.33679779848	4635.769043086358	782.6758921544418	0	0	0	22.682393108911853	0.11739448148370502	0.04366890271429256	2390.4097053314395	10.68286142101804	1.6167610900735827
6.4	4.7671321747275135	4.7671321747275135	4.7671321747275135	45.59161014884876	51.027556799063156	21.17076789027333	4805.393194901058	4635.854190614915	782.6875261420535	0	0	0	22.682393108898793	0.11739131789015679	0.04366805925625311	2390.4377596085983	10.679353579697155	1.616318713739576
6.5	4.7671321747275135	4.7671321747275135	4.7671321747275135	45.59161014884681	51.02757500757024	21.170770383910565	4805.438969726267	4635.923766750722	782.6969958464244	0	0	0	22.682393108904044	0.11738935304062506	0.043667515865876236	2390.4605299204327	10.676452200910045	1.6159538747050102
6.6	4.7671321747275135	4.7671321747275135	4.7671321747275135	45.59161014884415	51.02758891163731	21.170772277008325	4805.475920915606	4635.980269408332	782.7046593428369	0	0	0	22.682393108911917	0.11738787259694713	0.04366710288170905	2390.478910986866	10.67407224462393	1.615655214173231
6.7	4.7671321747275135	4.7671321747275135	4.7671321747275135	45.59161014884858	51.027605290079975	21.170774609568944	4805.505856055499	4636.026173387169	782.7108742721608	0	0	0	22.682393108901085	0.11738596213435278	0.043666603699376194	2390.493801977525	10.672133036315957	1.6154117800985814
6.8	4.767132174727514	4.767132174727514	4.767132174727514	45.591610148850265	51.02761712540753	21.17077627623154	4805.530148126048	4636.063653085251	782.7159308265008	0	0	0	22.682393108895578	0.1173846132869402	0.043666245543051825	2390.5058858693355	10.670532994339114	1.6152114068591006
6.9	4.7671321747275135	4.7671321747275135	4.7671321747275135	45.59161014885021	51.02762560469168	21.17077745584446	4805.549777961219	4636.094132919426	782.7200280254237	0	0	0	22.682393108894043	0.11738367164695439	0.04366599108743759	2390.515650570105	10.669217860405423	1.6150471047910158
7	4.7671321747275135	4.7671321747275135	4.7671321747275135	45.59161014885216	51.0276340493668	21.17077865913673	4805.565695866189	4636.118943491039	782.7233555661052	0	0	0	22.682393108890317	0.11738268779192985	0.043665734258938306	2390.5235688015805	10.668141893840614	1.6149127503869438
7.1	4.7671321747275135	4.7671321747275135	4.7671321747275135	45.59161014885226	51.027639732301076	21.170779453369235	4805.5785881605	4636.139172257541	782.7260584236279	0	0	0	22.682393108896452	0.1173820517593774	0.04366556351931835	2390.529981967637	10.667254720354848	1.6148022715585588
7.2	4.7671321747275135	4.7671321747275135	4.7671321747275135	45.59161014885245	51.02764443191008	21.170780113117676	4805.589007361559	4636.155608012116	782.7282477526746	0	0	0	22.682393108896605	0.11738152148222179	0.04366542211919227	2390.535164913909	10.666528026628646	1.6147119195503095
7.3	4.7671321747275135	4.7671321747275135	4.7671321747275135	45.59161014885313	51.02764865503401	21.170780713260214	4805.597465556914	4636.169009564468	782.7300283365126	0	0	0	22.682393108889553	0.11738103326882494	0.04366529420862661	2390.5393723740376	10.665931720953497	1.614637857892219
7.4	4.7671321747275135	4.7671321747275135	4.7671321747275135	45.591610148852915	51.027651480619774	21.170781106322302	4805.604307822025	4636.179922720495	782.7314729404442	0	0	0	22.68239310888895	0.11738072090553228	0.04366520976544347	2390.542776002631	10.665440871783384	1.6145770544375142
7.5	4.7671321747275135	4.7671321747275135	4.7671321747275135	45.5916101488531	51.02765406179692	21.170781471426103	4805.6098386158255	4636.188785179335	782.732642950655	0	0	0	22.682393108889112	0.11738042585837093	0.04366513195544815	2390.5455272506942	10.665039679929043	1.6145274097019138
7.6	4.7671321747275135	4.7671321747275135	4.7671321747275135	45.5916101488531	51.02765406179692	21.170781471426103	4805.6098386158255	4636.188785179335	782.732642950655	0	0	0	22.682393108889112	0.11738042585837093	0.04366513195544815	2390.5455272506942	10.665039679929043	1.6145274097019138
7.7	4.7671321747275135	4.7671321747275135	4.7671321747275135	45.59161014885332	51.027656222654464	21.170781778254735	4805.614331409067	4636.196019157128	782.7335953603114	0	0	0	22.682393108889396	0.11738017704571377	0.043665066699952196	2390.547762153975	10.664709889971014	1.6144866582065787
7.8	4.7671321747275135	4.7671321747275135	4.7671321747275135	45.591610148853	51.027657564228036	21.170781962519563	4805.617964405562	4636.2019094265015	782.7343678998591	0	0	0	22.682393108890718	0.11738003304931986	0.043665027004855014	2390.549569358293	10.664438350350496	1.6144532001928678
7.9	4.7671321747275135	4.7671321747275135	4.7671321747275135	45.59161014885307	51.02765892298762	21.17078215520153	4805.620899233291	4636.206687207012	782.7349930490105	0	0	0	22.682393108889602	0.11737987731280462	0.04366498608595874	2390.5510292643144	10.6642169718911	1.614425939696399
8	4.7671321747275135	4.7671321747275135	4.7671321747275135	45.59161014885256	51.02765955506665	21.170782236580926	4805.623286719637	4636.210603797844	782.7355034053055	0	0	0	22.682393108891482	0.1173798185153902	0.04366496803964561	2390.552216899702	10.66403316289326	1.6144033888648603
8.1	4.767132174727514	4.767132174727514	4.767132174727514	45.59161014885015	51.027658468862334	21.170782048644906	4805.625221194611	4636.21383027229	782.7359202351089	0	0	0	22.682393108902332	0.11737999916594606	0.04366500488942949	2390.5531791879357	10.663877136702075	1.614384436502464
8.2	4.7671321747275135	4.7671321747275135	4.7671321747275135	45.591610148848126	51.02765753465308	21.17078188807765	4805.626778706077	4636.216443772923	782.7362567546942	0	0	0	22.682393108911327	0.11738015286610276	0.04366503648375123	2390.5539539588053	10.66374968461127	1.61436898358813
8.3	4.7671321747275135	4.7671321747275135	4.7671321747275135	45.59161014884882	51.027658653616044	21.170782056469026	4805.628035296687	4636.2185207205375	782.7365261332188	0	0	0	22.68239310890749	0.11738000880784831	0.043665001676041676	2390.554579039518	10.663651699809877	1.6143569404926834
8.4	4.767132174727513	4.767132174727513	4.767132174727513	45.5916101488515	51.02766127341688	21.17078246496157	4805.629059962947	4636.220182968223	782.7367437160021	0	0	0	22.682393108894725	0.11737964755415638	0.043664918322675425	2390.555088751748	10.66357648848019	1.614347537994747
8.5	4.7671321747275135	4.7671321747275135	4.7671321747275135	45.591610148851245	51.02766140818236	21.17078247920044	4805.629890026576	4636.221582156732	782.7369233371269	0	0	0	22.682393108897074	0.11737964010080373	0.04366491480912104	2390.5555016600783	10.663508220125758	1.6143392377160337
8.6	4.7671321747275135	4.7671321747275135	4.7671321747275135	45.591610148851444	51.027661878470994	21.170782548895158	4805.630560745813	4636.222710413585	782.7370682795253	0	0	0	22.682393108896594	0.1173795814071353	0.0436649003236944	2390.5558353039114	10.663453578873085	1.6143325667692017
8.7	4.7671321747275135	4.7671321747275135	4.7671321747275135	45.59161014885265	51.027663104074385	21.17078274009704	4805.631105284063	4636.223611590151	782.7371849618388	0	0	0	22.68239310888998	0.11737941245751368	0.04366486138780011	2390.55610618015	10.663411473484384	1.6143273491061976
8.8	4.7671321747275135	4.7671321747275135	4.7671321747275135	45.591610148852396	51.02766309476955	21.170782734782684	4805.6315458328745	4636.224367466106	782.737281076886	0	0	0	22.682393108890228	0.11737942011954791	0.04366486213012368	2390.556325327485	10.663373659653107	1.6143227800147277
8.9	4.7671321747275135	4.7671321747275135	4.7671321747275135	45.59161014885274	51.027663534545226	21.170782802394044	4805.631902004502	4636.224971472578	782.7373582965921	0	0	0	22.682393108889006	0.11737936126501904	0.04366484831684985	2390.556502502292	10.663344212579323	1.6143191819602365
9	4.7671321747275135	4.7671321747275135	4.7671321747275135	45.59161014885321	51.027664058173514	21.170782883867734	4805.632191202367	4636.22546049551	782.7374208888626	0	0	0	22.68239310888847	0.11737928953402132	0.0436648317374162	2390.5566463616165	10.663320571372205	1.6143162810745186
9.1	4.7671321747275135	4.7671321747275135	4.7671321747275135	45.59161014885304	51.0276640309509	21.17078287747902	4805.632425013153	4636.225868265846	782.7374722881771	0	0	0	22.682393108890466	0.11737929683885638	0.04366483285138428	2390.556762668948	10.66329972201506	1.614313774967154
9.2	4.7671321747275135	4.7671321747275135	4.7671321747275135	45.59161014885335	51.027664358486504	21.170782928627034	4805.632614186611	4636.226191842813	782.7375134472223	0	0	0	22.68239310888845	0.11737925174294567	0.04366482248632596	2390.55685677187	10.66328382683594	1.6143118320374055
9.3	4.7671321747275135	4.7671321747275135	4.7671321747275135	45.59161014885351	51.027664563947724	21.17078296034923	4805.632767747833	4636.226457183352	782.7375470249642	0	0	0	22.68239310888982	0.11737922405832406	0.0436648160168981	2390.5569331596016	10.663270569055337	1.6143102209453364
9.4	4.7671321747275135	4.7671321747275135	4.7671321747275135	45.59161014885343	51.02766454945067	21.170782956950788	4805.632891838302	4636.226676855588	782.737574494624	0	0	0	22.68239310889288	0.1173792279647482	0.04366481660670524	2390.5569948872567	10.663259123824268	1.6143088511387835
9.5	4.7671321747275135	4.7671321747275135	4.7671321747275135	45.591610148853626	51.02766476078935	21.1707829902382	4805.632992327046	4636.22685051329	782.737596455292	0	0	0	22.682393108890277	0.11737919841899404	0.04366480989987375	2390.5570448746007	10.663250501449257	1.6143077981292637
9.6	4.7671321747275135	4.7671321747275135	4.7671321747275135	45.591610148853675	51.027664836142414	21.170783001686864	4805.6330738545	4636.226994302314	782.7376144580745	0	0	0	22.682393108895415	0.1173791885861285	0.043664807558423356	2390.557085429546	10.663243100746003	1.614306906397379
9.7	4.7671321747275135	4.7671321747275135	4.7671321747275135	45.59161014885363	51.02766483514119	21.17078300096622	4805.633139716186	4636.227112478865	782.7376291296819	0	0	0	22.682393108899824	0.11737918967751501	0.04366480765951756	2390.5571181917194	10.663236845009976	1.6143061601131976
9.8	4.7671321747275135	4.7671321747275135	4.7671321747275135	45.59161014885376	51.02766495959664	21.17078302067831	4805.633193099729	4636.227205858491	782.7376408597422	0	0	0	22.6823931088928	0.1173791721113223	0.04366480370216123	2390.5571447471816	10.663232142416504	1.6143055872251457
9.9	4.7671321747275135	4.7671321747275135	4.7671321747275135	45.591610148853746	51.02766498445223	21.17078302432108	4805.633236378175	4636.227283680767	782.737650506541	0	0	0	22.68239310889301	0.11737916910073617	0.04366480295145293	2390.557166275851	10.663228028647374	1.6143050952656919
10	4.7671321747275135	4.7671321747275135	4.7671321747275135	45.59161014885373	51.02766499130034	21.1707830251385	4805.633271337789	4636.227347167767	782.7376583377622	0	0	0	22.682393108894388	0.11737916859147177	0.0436648027688819	2390.557183666311	10.663224623860811	1.614304690000916
10.1	4.767132174727513	4.767132174727513	4.767132174727513	45.59161014885338	51.0276647395571	21.170782983832876	4805.633299744396	4636.227404893753	782.7376651065499	0	0	0	22.68239310891993	0.11737920650352983	0.04366481095480348	2390.5571977962563	10.663220951284327	1.6143042800110177
10.2	4.7671321747275135	4.7671321747275135	4.7671321747275135	45.59161014885149	51.02766338477758	21.17078276281372	4805.633322872752	4636.22747844327	782.7376723758629	0	0	0	22.68239310904374	0.11737940839516092	0.04366485485506243	2390.5572092979396	10.663214022460554	1.614303596518213
10.3	4.767132174727514	4.767132174727514	4.767132174727514	45.591610148849085	51.02766164875708	21.170782479722817	4805.633341509938	4636.2275526582935	782.737679222848	0	0	0	22.68239310920096	0.11737966689498877	0.04366491109556113	2390.557218564637	10.663206224241675	1.6143028489479976
10.4	4.7671321747275135	4.7671321747275135	4.7671321747275135	45.591610148847316	51.027660372370455	21.170782271603542	4805.633356426789	4636.227609622767	782.7376845402182	0	0	0	22.682393109316216	0.11737985692739221	0.04366495244631263	2390.5572259818164	10.66320035029437	1.6143022828679547
10.5	4.7671321747275135	4.7671321747275135	4.7671321747275135	45.59161014884733	51.02766039649252	21.17078227549928	4805.633368394145	4636.2276314206365	782.7376872206868	0	0	0	22.682393109314162	0.11737985341675022	0.04366495167732997	2390.5572319349435	10.663199194285326	1.614302143845668
10.6	4.767132174727514	4.767132174727514	4.767132174727514	45.59161014885024	51.02766250724119	21.170782619519798	4805.633378179676	4636.227601385538	782.7376862395529	0	0	0	22.68239310912429	0.1173795394460222	0.043664883332004384	2390.557236807777	10.663205363353521	1.6143026609397584
10.7	4.7671321747275135	4.7671321747275135	4.7671321747275135	45.59161014885185	51.027663669313156	21.170782808463112	4805.633386211519	4636.227589860856	782.7376863083163	0	0	0	22.682393109016427	0.11737936725316063	0.04366484571339029	2390.5572408059143	10.663208462528454	1.6143029123391612
10.8	4.7671321747275135	4.7671321747275135	4.7671321747275135	45.591610148851714	51.02766356987803	21.17078279178476	4805.633392703858	4636.22760441459	782.7376879465663	0	0	0	22.68239310902199	0.11737938274050481	0.04366484894640822	2390.5572440351375	10.663207419213375	1.6143028010276854
10.9	4.7671321747275135	4.7671321747275135	4.7671321747275135	45.591610148852766	51.02766434157249	21.170782917822038	4805.633397962685	4636.227596716464	782.7376879755783	0	0	0	22.68239310895477	0.11737926758344769	0.04366482395790306	2390.557246652846	10.663209492424334	1.614302967801691
11	4.7671321747275135	4.7671321747275135	4.7671321747275135	45.59161014885305	51.0276645478353	21.170782951297973	4805.6334022263	4636.227600125743	782.737688641835	0	0	0	22.68239310893674	0.11737923711418244	0.0436648172873873	2390.557248774158	10.663209728790147	1.614302975806231
11.1	4.7671321747275135	4.7671321747275135	4.7671321747275135	45.59161014885306	51.027664559209235	21.17078295303928	4805.6334056715505	4636.2276064723565	782.7376894180454	0	0	0	22.682393108935877	0.11737923559202226	0.04366481692521128	2390.5572504879397	10.66320938705694	1.6143029349842035
11.2	4.7671321747275135	4.7671321747275135	4.7671321747275135	45.59161014885352	51.02766488835019	21.1707830069337	4805.6334084662385	4636.227604312603	782.7376895599466	0	0	0	22.68239310891068	0.1173791862772435	0.043664806263578194	2390.5572518788367	10.663210207649412	1.614302998273162
11.3	4.7671321747275135	4.7671321747275135	4.7671321747275135	45.59161014885354	51.02766490326039	21.170783009275073	4805.633410728674	4636.227608350374	782.7376900609365	0	0	0	22.68239310891644	0.11737918418596356	0.04366480578440581	2390.557253004164	10.663210003271876	1.6143029732209369
11.4	4.767132174727514	4.767132174727514	4.767132174727514	45.591610148853626	51.027664968183515	21.170783019910633	4805.633412557943	4636.227610420355	782.7376903855308	0	0	0	22.682393108910624	0.11737917445710506	0.04366480368287297	2390.557253914338	10.663210020012283	1.6143029687488188
11.5	4.7671321747275135	4.7671321747275135	4.7671321747275135	45.59161014885375	51.02766506237662	21.170783035356365	4805.633414042589	4636.227611162239	782.7376905862438	0	0	0	22.682393108898598	0.11737916032213912	0.04366480062808375	2390.557254653205	10.66321017486342	1.6143029775525426
11.6	4.7671321747275135	4.7671321747275135	4.7671321747275135	45.59161014885375	51.027665056494214	21.170783034351082	4805.633415242936	4636.227613653623	782.7376908749757	0	0	0	22.682393108898403	0.11737916127056246	0.04366480081582222	2390.557255250307	10.663210015325717	1.6143029597480818
11.7	4.7671321747275135	4.7671321747275135	4.7671321747275135	45.59161014885381	51.027665105417704	21.17078304240073	4805.633416214804	4636.227614449205	782.7376910266609	0	0	0	22.68239310889326	0.11737915388525931	0.043664799234577674	2390.5572557339337	10.663210071737247	1.6143029613776263
11.8	4.7671321747275135	4.7671321747275135	4.7671321747275135	45.591610148853825	51.02766512395281	21.17078304543609	4805.633417003017	4636.227615586128	782.7376911826706	0	0	0	22.68239310888984	0.11737915110207399	0.04366479863625018	2390.557256126093	10.663210043068636	1.614302956216005
11.9	4.7671321747275135	4.7671321747275135	4.7671321747275135	45.591610148853825	51.027665123296885	21.170783045315584	4805.633417639943	4636.2276168691915	782.7376913330872	0	0	0	22.68239310888869	0.11737915121759207	0.04366479865850078	2390.5572564430013	10.663209965026603	1.6143029472572237
12	4.7671321747275135	4.7671321747275135	4.7671321747275135	45.59161014885386	51.02766514618893	21.170783049091412	4805.633418156422	4636.227617377405	782.7376914192319	0	0	0	22.68239310888676	0.11737914775337618	0.0436647979172159	2390.5572567001327	10.66320998277523	1.614302947037337
12.1	4.7671321747275135	4.7671321747275135	4.7671321747275135	45.59161014885387	51.027665148351986	21.170783049439976	4805.633418574714	4636.227618168217	782.7376915144896	0	0	0	22.68239310888623	0.11737914743325391	0.043664797841593286	2390.5572569081887	10.663209939747947	1.6143029419207868
12.2	4.7671321747275135	4.7671321747275135	4.7671321747275135	45.59161014885387	51.02766515149283	21.170783049955812	4805.633418912829	4636.227618778748	782.7376915895005	0	0	0	22.68239310888603	0.11737914696281687	0.04366479774037974	2390.557257076402	10.663209909453215	1.6143029381143639
12.3	4.7671321747275135	4.7671321747275135	4.7671321747275135	45.59161014885287	51.02766461511808	21.17078296085006	4805.6334191886845	4636.227631631635	782.737692485413	0	0	0	22.68239310900565	0.11737922844299162	0.04366481475593237	2390.5572572105266	10.663208009935614	1.6143027755082104
12.4	4.7671321747275135	4.7671321747275135	4.7671321747275135	45.59161014885022	51.02766318924899	21.170782723994346	4805.633419413187	4636.227664769623	782.7376947466307	0	0	0	22.682393109319232	0.11737944503051413	0.04366485999063852	2390.557257313828	10.663203022703216	1.6143023504176877
12.5	4.7671321747275135	4.7671321747275135	4.7671321747275135	45.59161014884683	51.02766136106994	21.17078242031793	4805.63341959339	4636.227707040283	782.7376976203664	0	0	0	22.682393109720312	0.11737972271892444	0.043664917988555395	2390.557257392695	10.663196641580978	1.6143018068992379
12.6	4.7671321747275135	4.7671321747275135	4.7671321747275135	45.5916101488436	51.02765961904269	21.170782130962266	4805.633419736341	4636.2277472619	782.7377003518541	0	0	0	22.68239311010215	0.11737998730773279	0.04366497325321435	2390.557257453523	10.6631905648373	1.6143012893872986
12.7	4.7671321747275135	4.7671321747275135	4.7671321747275135	45.59161014884143	51.027658451628966	21.170781937068785	4805.633419849092	4636.227774252759	782.7377021863288	0	0	0	22.682393110357992	0.1173801645964496	0.04366501028814677	2390.5572575027045	10.663186490740593	1.6143009423163073
12.8	4.7671321747275135	4.7671321747275135	4.7671321747275135	45.59161014884125	51.02765834729054	21.17078191977894	4805.633419938693	4636.227776831147	782.7377023690243	0	0	0	22.682393110381103	0.11738018038458517	0.04366501359688404	2390.5572575466344	10.663186117559254	1.6143009101207015
12.9	4.767132174727513	4.767132174727513	4.767132174727513	45.59161014884392	51.02765979448913	21.17078216023417	4805.633420012192	4636.227743815346	782.7377001451754	0	0	0	22.68239311006474	0.11737996047164985	0.043664967682957544	2390.557257591708	10.663191143561694	1.6143013372349186
13	4.7671321747275135	4.7671321747275135	4.7671321747275135	45.59161014884947	51.02766279014931	21.170782657870177	4805.633420075945	4636.2276752882635	782.7376955215205	0	0	0	22.682393109409286	0.1173795054027665	0.04366487264608919	2390.5572576410727	10.66320155554419	1.6143022226445511
13.1	4.7671321747275135	4.7671321747275135	4.7671321747275135	45.591610148851444	51.02766384664116	21.170782833059967	4805.633420128828	4636.227651183984	782.7376939011212	0	0	0	22.68239310917543	0.11737934537199528	0.04366483914224321	2390.5572576735976	10.66320521306876	1.6143025343279584
13.2	4.7671321747275135	4.7671321747275135	4.7671321747275135	45.591610148852155	51.02766422883781	21.17078289645843	4805.633420171611	4636.2276425138225	782.7376933204304	0	0	0	22.682393109089695	0.11737928744888838	0.043664827020640874	2390.5572576971226	10.663206533843402	1.6143026467350943
13.3	4.7671321747275135	4.7671321747275135	4.7671321747275135	45.59161014885316	51.02766477100055	21.17078298662578	4805.633420206299	4636.227630160685	782.7376924882637	0	0	0	22.682393108969865	0.11737920493262723	0.04366480981170792	2390.5572577176	10.663208418707377	1.6143028066896554
13.4	4.7671321747275135	4.7671321747275135	4.7671321747275135	45.59161014885334	51.02766486342361	21.170783001936336	4805.633420234372	4636.227628101766	782.737692352335	0	0	0	22.682393108948997	0.11737919094920624	0.043664806877090095	2390.557257732156	10.663208735053098	1.6143028336084722
13.5	4.767132174727514	4.767132174727514	4.767132174727514	45.591610148853654	51.02766502926103	21.170783029564973	4805.633420257111	4636.227624349174	782.7376921002952	0	0	0	22.682393108914333	0.11737916564568966	0.043664801617589045	2390.5572577444236	10.663209311450407	1.6143028823243224
13.6	4.7671321747275135	4.7671321747275135	4.7671321747275135	45.59161014885374	51.02766508206739	21.17078303834594	4805.633420275533	4636.227623178205	782.737692022919	0	0	0	22.68239310890001	0.11737915761019904	0.043664799944958844	2390.557257753786	10.663209492951186	1.6143028976684342
13.7	4.7671321747275135	4.7671321747275135	4.7671321747275135	45.591610148853796	51.027665113336305	21.170783043557076	4805.633420290435	4636.227622493498	782.7376919779731	0	0	0	22.68239310889441	0.11737915283681227	0.043664798953410626	2390.5572577612993	10.663209600222714	1.614302906705399
13.8	4.7671321747275135	4.7671321747275135	4.7671321747275135	45.591610148853846	51.02766514218633	21.170783048369618	4805.633420302521	4636.227621858303	782.7376919360629	0	0	0	22.682393108887958	0.11737914843058556	0.043664798036697094	2390.5572577674625	10.663209699551992	1.6143029150502206
13.9	4.7671321747275135	4.7671321747275135	4.7671321747275135	45.59161014885385	51.02766514752267	21.17078304925685	4805.633420312292	4636.2276217571425	782.737691930186	0	0	0	22.68239310888503	0.1173791476214527	0.04366479786581278	2390.5572577723174	10.66320971681559	1.6143029164583573
14	4.7671321747275135	4.7671321747275135	4.7671321747275135	45.59161014885387	51.02766515849279	21.1707830510906	4805.633420320212	4636.22762152293	782.7376919150363	0	0	0	22.682393108886053	0.11737914593517401	0.043664797516726625	2390.5572577762473	10.663209754247717	1.614302919577265
14.1	4.7671321747275135	4.7671321747275135	4.7671321747275135	45.59161014885387	51.02766516109908	21.170783051525074	4805.633420326626	4636.2276214771955	782.7376919125645	0	0	0	22.68239310888818	0.11737914553507804	0.04366479743418554	2390.5572577794637	10.663209762334535	1.6143029202506733
14.2	4.7671321747275135	4.7671321747275135	4.7671321747275135	45.59161014885388	51.02766516350472	21.170783051927536	4805.633420331815	4636.227621433439	782.7376919100931	0	0	0	22.682393108887414	0.11737914516805041	0.04366479735872284	2390.5572577821417	10.663209770044372	1.614302920882038
14.3	4.7671321747275135	4.7671321747275135	4.7671321747275135	45.59161014885388	51.027665165007406	21.170783052178898	4805.633420336022	4636.227621408263	782.7376919087903	0	0	0	22.682393108888316	0.11737914493382813	0.04366479730873762	2390.5572577842354	10.66320977485358	1.6143029212893658
14.4	4.7671321747275135	4.7671321747275135	4.7671321747275135	45.591610148853874	51.0276651653696	21.170783052239372	4805.6334203394235	4636.227621407487	782.73769190907	0	0	0	22.68239310888932	0.1173791448754773	0.04366479729562543	2390.5572577859393	10.663209775693426	1.6143029213537015
14.5	4.7671321747275135	4.7671321747275135	4.7671321747275135	45.59161014885404	51.027665158227336	21.170783051037787	4805.633420342187	4636.227621577328	782.7376919209594	0	0	0	22.682393108860456	0.11737914591979383	0.04366479753114847	2390.5572577881503	10.663209751418405	1.6143029190987879
14.6	4.7671321747275135	4.7671321747275135	4.7671321747275135	45.591610148854514	51.027665134575464	21.17078304705981	4805.633420344424	4636.227622124428	782.7376919586044	0	0	0	22.68239310877675	0.1173791493856344	0.04366479830399554	2390.5572577915123	10.663209671812615	1.614302911848344
14.7	4.7671321747275135	4.7671321747275135	4.7671321747275135	45.591610148855075	51.02766510629731	21.170783042304045	4805.633420346219	4636.227622776598	782.737692003392	0	0	0	22.68239310867872	0.11737915353029334	0.043664799226785934	2390.557257795003	10.663209576734614	1.6143029032114995
14.8	4.7671321747275135	4.7671321747275135	4.7671321747275135	45.59161014885548	51.027665085710275	21.170783038842064	4805.633420347656	4636.227623251694	782.7376920360286	0	0	0	22.682393108608153	0.1173791565474062	0.04366479989814825	2390.5572577975695	10.663209507500685	1.6143028969273487
14.9	4.7671321747275135	4.7671321747275135	4.7671321747275135	45.59161014885549	51.02766508513179	21.170783038745462	4805.633420348814	4636.2276232675795	782.7376920372202	0	0	0	22.682393108606835	0.11737915663060863	0.04366479991671112	2390.55725779816	10.66320950542711	1.6143028967349875
15	4.7671321747275135	4.7671321747275135	4.7671321747275135	45.59161014885486	51.027665116879255	21.17078304408582	4805.633420349779	4636.227622542109	782.7376919876735	0	0	0	22.682393108716553	0.11737915197353625	0.04366479888110317	2390.557257795722	10.663209611830164	1.6143029063735106
